#        weight    minuslogpost            logA             nnu              ns           ombh2           omch2             tau    theta_MC_100        A_planck         amp_143         amp_217     amp_143x217           n_143           n_217       n_143x217           calTE           calEE              As              H0          sigma8          omegam              S8      delta_neff             age       chi2__CMB   minuslogprior minuslogprior__0            chi2 chi2__planck_NPIPE_highl_CamSpec.TTTEEE chi2__planck_2018_lowl.TT chi2__planck_2018_lowl.EE chi2__planck_2018_lensing.clik
              1        5903.565       3.0210577       3.2588396      0.95900977      0.02249392      0.11879723     0.047889791       1.0410045        1.000548       10.423194        19.51578       10.643507       1.0035263       1.1822191       1.3093502       1.0147162       1.0036058   2.0512977e-09       70.411148      0.78893188      0.28629236      0.77069717      0.21283963       13.558626       11795.216       5.9571248        5.9571248       11795.216                               11352.637                 24.515047                 395.74472                      22.318568
              2       5873.9496       3.0200998       3.2272795       0.9564505      0.02237341      0.11949124     0.046857565       1.0409799        1.000295       10.050389       18.360205          9.2752      0.94073445       1.0477375       1.3160678       1.0084347      0.99768829   2.0493337e-09       69.679871      0.79163338      0.29351424      0.78302938      0.18127955       13.606365        11737.55       5.1746576        5.1746576        11737.55                               11298.086                 25.006145                 395.81644                      18.641126
              1       5741.9375        3.021112       3.2272795      0.96056338      0.02237341      0.11949124     0.046857565       1.0409799       1.0011007       12.209615        16.84089       9.2606263      0.70651608       1.4236529       1.2650921      0.99865883       0.9989361   2.0514092e-09       69.679871      0.79329745      0.29351424      0.78467537      0.18127955       13.606365       11474.081       4.8968301        4.8968301       11474.081                               11035.713                 23.927219                 395.84435                      18.597019
              1       5709.8454       3.0208614       3.2272795      0.96170375      0.02237341      0.11949124     0.046857565       1.0409799       1.0012208       13.671944       17.382261       9.5249381      0.81331511       1.1432399        1.249382       1.0042716      0.99256918    2.050895e-09       69.679871      0.79354912      0.29351424       0.7849243      0.18127955       13.606365       11409.147       5.2718046        5.2718046       11409.147                                10970.77                 23.625184                 395.87321                      18.879313
              2       5627.8549       3.0209184       3.2245015      0.96175602     0.022364149      0.11943338     0.046961902       1.0409957      0.99829548       13.839576        16.73637       9.9092049      0.76780068       1.4921962       1.5043423       1.0077178      0.99754257   2.0510119e-09       69.665847      0.79352917      0.29349413      0.78487768      0.17850154       13.609364       11245.018       5.3456994        5.3456994       11245.018                               10809.188                 24.072969                   395.823                       15.93432
              1       5574.7187        3.023579       3.1982519       0.9614146     0.022015937      0.12060532     0.047812132       1.0414044      0.99796926       16.786885       16.511876       11.073382      0.80433633       1.2095737       1.2416131        1.007051       1.0032026   2.0564762e-09       68.787908      0.80105127      0.30277452      0.80474696      0.15225193       13.663772       11138.607       5.4150328        5.4150328       11138.607                               10705.994                 23.960573                 395.77023                      12.882231
              5       5555.6477       3.0201843       3.1982519      0.96283086     0.022015937      0.12060532     0.047812132       1.0414044      0.99701967       19.109192       16.331377       12.060824      0.68872526      0.97715671      0.91877439       1.0108407       1.0126471   2.0495069e-09       68.787908      0.80012855      0.30277452      0.80381999      0.15225193       13.663772       11097.529       6.8831938        6.8831938       11097.529                               10664.295                 23.517723                 395.77621                       13.93963
              1       5552.8612       3.0204592       3.1593915      0.96244014     0.021917794      0.12034818      0.04851599       1.0415589      0.99723302       19.217114       16.738559       12.671575      0.74692767      0.86848179       1.0261343       1.0024296       1.0093885   2.0500704e-09       68.398352      0.80096724      0.30547374      0.80824135      0.11339148       13.707477       11093.987       5.8679845        5.8679845       11093.987                               10661.363                  23.43232                  395.7492                      13.441846
              5       5533.1892       3.0205053       3.1590646      0.96248485     0.021919183      0.12034549      0.04854631       1.0415676      0.99639232       19.958281       17.304031       13.206971      0.73905008       1.0833383       1.1362245       1.0064225       1.0078763   2.0501649e-09       68.399589      0.80100221      0.30545992      0.80825836      0.11306463       13.707403       11053.693       6.3429007        6.3429007       11053.693                               10621.539                 23.552177                 395.75562                      12.845589
              2        5527.667       3.0201545       3.1552017      0.96106378     0.021942637      0.12102193     0.048144022       1.0414868      0.99536955       19.939025       17.400434       13.288973      0.80745505       1.2164917       1.1845268       1.0040598       1.0048367   2.0494458e-09        68.10803      0.80260944      0.30958957      0.81533633      0.10920168       13.714317       11041.934       6.6999203        6.6999203       11041.934                               10610.741                  23.94148                   395.747                      11.504303
              2       5516.3238       3.0178404       3.1434923      0.95961993     0.022049698      0.12095739     0.045993905       1.0413694      0.99561848       21.081962        16.67825       13.245209      0.58500736       1.2635303      0.96861351      0.99245897       1.0028695   2.0447086e-09       68.044338      0.80082671      0.31026126      0.81440738     0.097492345       13.718805       11019.354       6.6465743        6.6465743       11019.354                               10588.055                 24.338703                 395.91969                      11.041125
              1       5514.2141       3.0180048       3.1394731      0.95984693     0.021992009      0.12103905     0.045457377        1.041495      0.99660331       22.039277       16.332773       13.313114      0.66392578       1.2317263      0.96189182      0.99907195       1.0037805   2.0450448e-09       67.963496      0.80170052      0.31105171       0.8163339     0.093473106       13.725306        11016.86       5.7840211        5.7840211        11016.86                                10585.55                 24.168213                 395.97684                      11.164888
              1       5507.9576       3.0171828       3.0984651      0.95764608     0.021884007      0.12131543      0.04515816        1.041486      0.99637729       22.464429       17.063263       13.871397      0.69085834      0.75988579      0.71252237      0.99886869       1.0020829   2.0433645e-09       67.300043      0.80324671      0.31758647      0.82645521     0.052465082       13.779721       11004.189       5.8632662        5.8632662       11004.189                               10573.491                 24.520677                 395.99579                      10.180975
              4       5507.5905       3.0165333       3.0522334      0.95701183     0.021912882       0.1207463     0.045534547       1.0415766      0.99655986       22.357668        16.64033       14.007762       0.7227886      0.73376061        0.794806      0.99360884      0.99853608   2.0420377e-09       67.017204      0.80228082       0.3190699      0.82738702    0.0062333759       13.819706       11003.287       5.9469719        5.9469719       11003.287                               10572.781                 24.528149                 395.96079                      10.017594
              1       5509.1613       3.0182224       3.0522334      0.95635323     0.021912882       0.1207463     0.045534547       1.0415766      0.99675371       22.626394       16.618698       14.147655      0.72074854      0.68068203        0.750412      0.99134914       0.9998023     2.04549e-09       67.017204      0.80276072       0.3190699      0.82788194    0.0062333759       13.819706       11006.317        6.002709         6.002709       11006.317                               10575.931                 24.810173                  395.9117                      9.6641603
              2       5508.6775       3.0182091       3.0523972      0.95636873     0.021915559      0.12074918     0.045488651       1.0415804      0.99696788       23.087712         17.2959       14.562471      0.68809762      0.58441095      0.62680458      0.99237777       1.0024246   2.0454626e-09       67.021586      0.80275702      0.31904056      0.82784006    0.0063971767       13.819161       11005.674       5.8406376        5.8406376       11005.674                               10575.237                 24.774421                 395.93751                      9.7246798
              1       5511.1648       3.0185549       3.0523972      0.95610939     0.021915559      0.12074918     0.045488651       1.0415804      0.99675935       23.100738       18.221744       14.821911      0.65293589       0.4883532       0.5337001      0.99550532       1.0055826   2.0461701e-09       67.021586      0.80281789      0.31904056      0.82790283    0.0063971767       13.819161       11010.565       5.8822361        5.8822361       11010.565                               10580.125                 24.909336                 395.95233                      9.5783538
              1       5511.4209       3.0200074       3.0662579      0.95855254     0.022049027      0.12022866      0.04689511       1.0417352      0.99728877       23.513136       18.311225       15.033814      0.59046572      0.62574907      0.48948988      0.99756541       1.0054727   2.0491444e-09       67.525839      0.80162349      0.31344458      0.81938912     0.020257917       13.784538       11011.736       5.5527054        5.5527054       11011.736                               10581.143                 24.321591                 395.80281                      10.468631
              5       5510.8705       3.0204184       3.0662579      0.96090434     0.022049027      0.12022866      0.04689511       1.0417352      0.99786716       23.133643       17.931887       15.020671       0.5837602      0.59307778      0.65675433      0.98822139      0.99981662   2.0499867e-09       67.525839       0.8025001      0.31344458      0.82028515     0.020257917       13.784538       11010.055       5.8430226        5.8430226       11010.055                               10579.875                 23.702626                 395.83816                       10.63964
              6       5505.9999       3.0199423       3.0719818       0.9608409      0.02204763      0.12020035     0.046220889       1.0417047      0.99806674       23.017559       17.098712       14.215601      0.46870748      0.65186667      0.50516258      0.99248756       1.0011782   2.0490109e-09       67.590942      0.80200579      0.31277605      0.81890518      0.02598184       13.779535       11001.253       5.3733791        5.3733791       11001.253                               10570.926                 23.748909                 395.89746                      10.680783
              2       5503.8359       3.0195468       3.1397529      0.96174576     0.022147652      0.12007372     0.046163392       1.0413156      0.99736913       22.933795       17.604061       14.485458      0.56580363      0.56507177        0.551217      0.99558107       1.0064676   2.0482008e-09       68.375984      0.79891197      0.30557825      0.80630531     0.093752896       13.710659        10996.38       5.6457553        5.6457553        10996.38                               10564.762                 23.829816                 395.91682                      11.871461
              2       5503.4327       3.0201626       3.1481462      0.96231609      0.02214592      0.11994797     0.047054372        1.041292      0.99744884       23.002404       17.656545       14.474198      0.62277662      0.69577756      0.66962889      0.99745552       1.0076244   2.0494624e-09       68.508907       0.7986473      0.30412199      0.80411527      0.10214623       13.702382       10995.608       5.6289557        5.6289557       10995.608                               10563.588                 23.666236                 395.82633                      12.527002
              1       5501.0583       3.0191169       3.1432085      0.96048012     0.022129961      0.12036764     0.046431165       1.0411046       0.9972547       23.457901       18.190219       14.918874      0.68388148      0.72186481      0.74194211      0.99656482       1.0062323   2.0473203e-09       68.226297      0.79910906      0.30751402      0.80905471     0.097208461       13.716424       10990.834       5.6413996        5.6413996       10990.834                               10559.117                 24.015983                 395.86251                      11.837948
              6       5499.4487       3.0191596       3.1440842      0.96037137     0.022163071      0.12048008     0.046510501       1.0410915      0.99708998       23.452676       18.081307       14.812049      0.55247739      0.73124915      0.67107148      0.99663386       1.0035278   2.0474078e-09       68.219838      0.79928702      0.30788499      0.80972285     0.098084157       13.713085       10987.734       5.5815905        5.5815905       10987.734                               10556.114                 24.053078                 395.83666                      11.730557
              5       5500.7605        3.019118        3.144327      0.96034345     0.022159863      0.12046665     0.046499988       1.0410826      0.99641388       23.122894       17.878183       14.725093      0.55219469      0.83931949      0.76443948      0.99755795       1.0025525   2.0473227e-09       68.221748      0.79921592        0.307832      0.80958114     0.098327048       13.713363       10989.768       5.8764679        5.8764679       10989.768                               10558.397                 24.170631                 395.84926                       11.35134
              6       5499.2707        3.016389        3.144327      0.96320005     0.022159863      0.12046665     0.046499988       1.0410826      0.99596603       23.614167       17.721186       14.887354      0.60242896      0.60018814      0.63807867       1.0018688       1.0007875    2.041743e-09       68.221748      0.79899639        0.307832      0.80935876     0.098327048       13.713363       10986.326       6.1076514        6.1076514       10986.326                               10554.804                 23.369964                 395.90377                      12.248069
              3       5497.9438       3.0158156       3.1294725      0.96279438     0.022182943      0.12020657       0.0464571       1.0410624      0.99601268       23.574005        17.28796       14.725308      0.63104213      0.67053559      0.68350918       1.0004865      0.99998199   2.0405728e-09       68.153361       0.7981147      0.30793984      0.80860723     0.083472537       13.725777       10983.771       6.0583382        6.0583382       10983.771                               10552.217                 23.422451                 395.89309                       12.23882
              3       5500.9642       3.0120657       3.0775295      0.95621546     0.022114565      0.12183915     0.043099424       1.0407325      0.99497217       22.782184       16.168412        13.29165      0.49239298      0.80682043      0.66245777      0.99323346      0.99666095    2.032935e-09       66.815342      0.80138553      0.32390052      0.83269642     0.031529513       13.802738       10987.744        7.092259         7.092259       10987.744                               10557.231                 24.833495                 396.26644                      9.4134126
              1       5497.6784       3.0162985       3.0775295      0.95611072     0.022114565      0.12183915     0.043099424       1.0407325      0.99646128       22.507734       16.027728       13.043265      0.58767768      0.62019476      0.51350252      0.99459959      0.99898361   2.0415583e-09       66.815342      0.80305192      0.32390052      0.83442791     0.031529513       13.802738       10983.481       5.9380436        5.9380436       10983.481                               10553.105                 24.971201                 396.30728                      9.0969996
              2       5497.9005       3.0155208       3.0560822      0.95445791     0.022067249      0.12221172     0.042408652       1.0407042      0.99734235       22.576829        16.79271       13.327094      0.77428674      0.71022114      0.63900778      0.99469034      0.99688105   2.0399713e-09       66.392206      0.80417196      0.32878018      0.84186241     0.010082216       13.832014       10984.721       5.5399058        5.5399058       10984.721                               10554.138                 25.127475                 396.37791                      9.0778053
              1       5498.8675       3.0156264       3.0526033      0.95417832     0.022065486      0.12230397     0.042717133        1.040684       0.9971109        22.54474       15.766321        12.89408      0.57434571      0.72431207      0.64774949      0.98916599       0.9917808   2.0401866e-09        66.31248      0.80450503        0.329777      0.84348686    0.0066033305       13.836761        10984.98       6.3776612        6.3776612        10984.98                               10554.432                 25.177829                 396.30367                      9.0661428
              4       5498.3436       3.0164346       3.1084833      0.95494622      0.02209311      0.12313513     0.042134367       1.0405992      0.99718865       23.708317       16.728797       13.846378      0.60322647      0.61044492       0.5478609      0.99085007      0.99856714   2.0418362e-09       66.664321       0.8058868      0.32823759      0.84296119     0.062483298       13.782001       10984.994        5.846423         5.846423       10984.994                                 10554.2                 25.132208                 396.48309                      9.1790741
              3       5497.4559       3.0160622       3.0979824      0.95441205     0.022089147      0.12311213     0.042030781       1.0405794      0.99664793       23.286259        16.53059       13.689652      0.61965478      0.70545804      0.64217251      0.99190912      0.99840076   2.0410761e-09       66.541981      0.80579658      0.32938477      0.84433841     0.051982373        13.79369       10982.863       6.0242641        6.0242641       10982.863                               10551.979                 25.326989                 396.46457                      9.0929737
              2       5497.9634       3.0163367       3.0979824      0.95456141     0.022089147      0.12311213     0.042030781       1.0405794      0.99658661       22.966468       16.188664       13.332878      0.67228714      0.81871641      0.72672445      0.99189646      0.99975838   2.0416364e-09       66.541981      0.80595209      0.32938477      0.84450137     0.051982373        13.79369       10983.835       6.0459836        6.0459836       10983.835                               10552.965                 25.323628                 396.46457                      9.0819016
              5       5499.4214       3.0154356       3.0979824      0.95574584     0.022089147      0.12311213     0.042030781       1.0405794      0.99712852       22.379206       15.960991       13.262982      0.67083335      0.55011388      0.66327365      0.99418326      0.99632477   2.0397975e-09       66.541981      0.80594532      0.32938477      0.84449427     0.051982373        13.79369        10987.48       5.6815961        5.6815961        10987.48                               10556.922                 24.830484                 396.48826                      9.2385622
              2       5498.4085       3.0154271       3.1363587      0.95638617     0.022114076       0.1231215     0.041897792       1.0404107       0.9968552       22.398703       15.959041       13.553865      0.62865606      0.91683822      0.83737205      0.99247109       0.9970538   2.0397801e-09       66.942805      0.80482433      0.32552868      0.83836878     0.090358673       13.756916        10985.01       5.9032607        5.9032607        10985.01                               10554.245                 24.834516                 396.59955                      9.3314104
              2       5498.5507        3.014751       3.1363587      0.96177765     0.022114076       0.1231215     0.041897792       1.0404107      0.99742718       22.219225       16.239495       13.288062      0.66592149      0.99729975       0.8714342      0.99487639      0.99985262   2.0384014e-09       66.942805      0.80618588      0.32552868      0.83978707     0.090358673       13.756916       10986.209       5.4461731        5.4461731       10986.209                               10556.363                  23.40484                 396.69574                      9.7459019
              1        5497.704       3.0141121       3.1600163      0.96186254     0.021975443      0.12315875     0.040363102       1.0403498      0.99803977       22.384619       16.636816       13.283986      0.67604728      0.81551386      0.75026377        0.995406       1.0052153   2.0370996e-09       67.065722      0.80590461      0.32411114      0.83766426      0.11401633       13.748658        10984.74       5.3341763        5.3341763        10984.74                               10554.405                 23.440305                 397.05519                      9.8390859
              4       5498.1953         3.01477       3.1600163      0.96276882     0.021975443      0.12315875     0.040363102       1.0403498      0.99844066       22.873669       16.731885       13.575706      0.74173752      0.77307995       0.7185663      0.99910431       1.0054581   2.0384402e-09       67.065722      0.80644566      0.32411114      0.83822664      0.11401633       13.748658       10986.125       5.1327419        5.1327419       10986.125                                10555.97                 23.235185                 397.06548                      9.8542517
              5       5500.2253       3.0147788       3.1597243      0.96278507     0.021975164      0.12315517     0.040358732       1.0403546      0.99810877       22.979451       16.452758       13.266681      0.69304825      0.70342823      0.60997896       1.0026282       1.0065016   2.0384581e-09       67.064978      0.80645686      0.32410972      0.83823645      0.11372431       13.748827       10989.816       5.3172863        5.3172863       10989.816                               10559.712                 23.281951                 397.05318                       9.769216
              3       5497.4359       3.0089807       3.1597243      0.96377578     0.021975164      0.12315517     0.040358732       1.0403546      0.99588329       22.130364       16.447009       13.069275      0.78899125      0.86393378      0.89708129      0.99829455      0.99858316   2.0266732e-09       67.064978       0.8044233      0.32410972      0.83612275      0.11372431       13.748827       10982.541       6.1656213        6.1656213       10982.541                               10552.139                 22.979493                 397.08761                      10.334263
              1       5498.9007        3.009446       3.1597243      0.96265494     0.021975164      0.12315517     0.040358732       1.0403546      0.99633899        22.11178       15.962121       12.686275      0.95705142        0.871989      0.96149281       0.9941931       0.9958456   2.0276164e-09       67.064978      0.80426987      0.32410972      0.83596328      0.11372431       13.748827       10985.577       6.1123904        6.1123904       10985.577                               10554.955                 23.178426                 397.09613                      10.346847
              1       5499.5142       3.0093007       3.2131001      0.96469973     0.022159369       0.1222766     0.041147905       1.0400766      0.99504324       22.146094       15.731455        12.75051      0.87385012       1.0837825      0.98424083      0.99865753      0.99830724   2.0273217e-09       68.041605      0.79956121      0.31337254      0.81718721      0.16710015       13.680901        10985.48       6.7741463        6.7741463        10985.48                               10554.098                 23.120337                 396.90486                      11.356706
              1       5502.0193       3.0090258       3.2131001      0.96611993     0.022159369       0.1222766     0.041147905       1.0400766      0.99520613       21.793864       15.700345       12.032772      0.92173579      0.81188042      0.78163607      0.99659087      0.99947853   2.0267645e-09       68.041605      0.79988585      0.31337254        0.817519      0.16710015       13.680901       10990.672       6.6832216        6.6832216       10990.672                               10559.369                  22.79089                 396.94879                      11.563049
              2       5500.7677       3.0093388       3.2159685      0.96684253     0.022181483      0.12213401     0.041207026       1.0401536      0.99483163       21.515247       15.254264       11.743098      0.95653297      0.92975768      0.93926855       0.9959248      0.99796026    2.027399e-09       68.168926      0.79967655      0.31194379       0.8154398      0.16996853       13.672914       10987.483       7.0260546        7.0260546       10987.483                               10556.308                 22.752112                 396.93608                      11.487524
              2       5504.6211       3.0117784       3.1922766      0.96811458     0.022110371      0.12192051     0.044036231       1.0404123      0.99461937       22.856268       15.198745       12.377119      0.73639336       1.0142555      0.79168064       1.0012747       1.0064822   2.0323511e-09       67.998608      0.80156268      0.31289289       0.8186056      0.14627665       13.695457       10994.603       7.3195689        7.3195689       10994.603                               10564.177                 22.374138                  396.3333                      11.719062
              1       5502.1542       3.0126153       3.2382245      0.96830418     0.022252253      0.12284734     0.044340559       1.0402532        0.993494       21.663908       14.838371       11.700383      0.83671982      0.92500534       1.0022252       0.9993412       1.0029264   2.0340527e-09       68.269092      0.80288518      0.31271146      0.81971845      0.19222446       13.643424       10987.875        8.216487         8.216487       10987.875                               10557.597                  22.50948                 396.25422                      11.514837
              2        5499.942       3.0128942       3.2382245      0.96523272     0.022252253      0.12284734     0.044340559       1.0402532      0.99286073       21.864949       15.604694       12.118676      0.86449986       1.0631833      0.96253851       0.9946483      0.99927128     2.03462e-09       68.269092      0.80204924      0.31271146      0.81886499      0.19222446       13.643424       10981.867       9.0086418        9.0086418       10981.867                               10551.384                 23.229046                 396.20246                      11.051185
              1        5502.996       3.0158488       3.2382245      0.96362227     0.022252253      0.12284734     0.044340559       1.0402532      0.99451333       21.961295        16.65505       12.782127      0.96920743      0.88263611      0.90510817      0.99407066       1.0031524   2.0406404e-09       68.269092       0.8027383      0.31271146       0.8195685      0.19222446       13.643424       10991.154       7.4190086        7.4190086       10991.154                               10560.586                  23.54964                 396.18806                      10.830257
              1       5500.7372       3.0160959       3.1833593      0.96223053     0.022192778      0.12304607     0.045064323       1.0404297       0.9935126       21.422917        15.67886       12.162862      0.92561193       0.9277592       1.0009588      0.99041392       1.0003742   2.0411448e-09       67.579778      0.80501046      0.31942822       0.8306681       0.1373593       13.700311        10984.25       8.6123295        8.6123295        10984.25                                10554.68                 23.773997                 396.00944                      9.7864097
              1       5498.6573       3.0176631       3.2011007      0.96544019     0.022236168      0.12222603     0.046112453       1.0406687      0.99436825        21.82277       15.420964       12.312302      0.86413013      0.99818211      0.95208036      0.99093106       1.0011515   2.0443462e-09       68.185256       0.8035561      0.31210994      0.81961402       0.1551007       13.667608       10981.834       7.7404424        7.7404424       10981.834                               10551.972                 23.132739                  395.9109                      10.817736
              1       5498.6743       3.0173742       3.1998645      0.96519245     0.022280972      0.12227848      0.04589789       1.0406442      0.99429193       21.706007       15.567758       12.346829      0.91483394       1.0474344       1.0037331      0.99253946       1.0010526   2.0437557e-09       68.181909      0.80336143      0.31234979      0.81973025      0.15386454       13.665329       10981.997       7.6756591        7.6756591       10981.997                               10552.124                 23.200642                 395.94755                      10.725099
              5       5500.5609       3.0179859        3.199699      0.96517121     0.022280164      0.12269836     0.045996137       1.0407257      0.99416133        21.00794       14.906054       12.308133      0.93055437       0.8658616       1.0311036       1.0021969       1.0027886   2.0450061e-09       68.060823      0.80503179      0.31436686      0.82408267      0.15369902        13.66487       10985.971       7.5754737        7.5754737       10985.971                               10556.408                  23.19942                 395.92887                      10.434086
              1       5503.6214       3.0196104        3.199699      0.96544686     0.022280164      0.12269836     0.045996137       1.0407257      0.99592516       21.676514       15.498072       12.792934      0.96942315      0.74782036      0.94400091       1.0013706       1.0029148   2.0483309e-09       68.060823      0.80577104      0.31436686      0.82483942      0.15369902        13.66487       10994.912       6.1654717        6.1654717       10994.912                               10565.274                 23.003196                 395.93004                      10.705071
              1       5500.8954       3.0196021       3.2069511      0.96552111     0.022292464      0.12271461     0.046016684       1.0406846      0.99492911       21.331881       15.307077        12.48904      0.91159273       0.8173508      0.95693034       1.0037769       1.0053813    2.048314e-09       68.135111      0.80554595      0.31374322      0.82379066      0.16095114       13.657602       10987.674        7.058485         7.058485       10987.674                               10558.208                 23.144445                 395.92661                      10.394962
              3       5499.7918       3.0195302       3.2069511      0.96563912     0.022292464      0.12271461     0.046016684       1.0406846      0.99483841       22.190793       15.398119       12.834748      0.82711761      0.74466252      0.94247942       1.0004949       1.0025585   2.0481668e-09       68.135111      0.80555345      0.31374322      0.82379833      0.16095114       13.657602       10985.683       6.9505705        6.9505705       10985.683                               10556.245                 23.127813                  395.9289                      10.381033
              5       5499.3192       3.0203618       3.1996365      0.96640613     0.022296323      0.12261392      0.04666274        1.040833      0.99538286       21.901411       15.238161       12.473372      0.81338738      0.74174217      0.85059057       1.0010924       1.0028012   2.0498706e-09       68.139238      0.80613619      0.31349665      0.82407026      0.15363645         13.6598       10985.567        6.535894         6.535894       10985.567                               10556.127                 22.886852                 395.89687                      10.656173
              4       5499.0371       3.0203377       3.1999164       0.9663578     0.022301295      0.12264895     0.046614567       1.0408305      0.99536455       21.769618       15.149017       12.395481      0.81999402      0.75875503      0.87176382       1.0004662       1.0023402   2.0498212e-09       68.133604      0.80619328      0.31363467      0.82431002      0.15391644       13.659238       10985.009       6.5327154        6.5327154       10985.009                               10555.585                 22.899656                 395.89689                        10.6271
              1       5496.9317       3.0203204       3.2002154      0.96636285      0.02230128      0.12264424     0.046591122       1.0408292      0.99477915       21.827428       15.154356       12.296392      0.81536034      0.80576237      0.89167856      0.99955884      0.99798273   2.0497858e-09        68.13825      0.80616307      0.31358172      0.82420955      0.15421544       13.658956       10979.889       6.9871589        6.9871589       10979.889                               10550.642                 22.984252                 395.87594                      10.386707
              1       5496.2869       3.0212491       3.2002154      0.96588582      0.02230128      0.12264424     0.046591122       1.0408292      0.99502248       21.814103       15.062132       12.236767      0.82437803      0.82724186      0.90217193      0.99844829      0.99826681   2.0516903e-09        68.13825       0.8063899      0.31358172      0.82444145      0.15421544       13.658956       10978.985       6.7943726        6.7943726       10978.985                               10549.759                 23.114328                 395.89137                      10.219993
              6       5498.2472       3.0201305       3.1841661      0.96494661     0.022424537      0.12237385     0.046629702       1.0406935      0.99466589       20.799252       14.322355       11.886756      0.69108463      0.99206246        1.006155      0.99572963      0.99689212   2.0493966e-09       68.104621      0.80461766      0.31357426      0.82261975      0.13816611       13.665798       10982.093       7.2009462        7.2009462       10982.093                               10552.787                 23.306904                 395.86468                      10.134367
              2       5497.2351       3.0196301       3.1797471      0.96444607     0.022438343      0.12232183     0.046487446       1.0406261      0.99500238       21.776117       15.340869       12.568451       0.8355733      0.94403208        0.977168       0.9956753      0.99564579   2.0483714e-09       68.060511       0.8041045      0.31389836      0.82251986      0.13374708        13.67068       10980.527       6.9716629        6.9716629       10980.527                               10551.063                 23.340125                 395.88211                      10.241354
              1       5496.9896       3.0215167       3.2140002      0.96800297     0.022456393      0.12158928     0.047660421       1.0408219      0.99576405        22.12747       15.437069       12.720323      0.76867233       1.0117997      0.95517625      0.99982237      0.99852292   2.0522395e-09       68.794141      0.80268783      0.30572942      0.81031647      0.16800023       13.625437       10981.516       6.2317822        6.2317822       10981.516                               10551.202                 22.708797                 395.79301                      11.811624
              1       5500.2553        3.021398       3.2140002      0.97045986     0.022456393      0.12158928     0.047660421       1.0408219      0.99696693       22.408173       15.699189       12.818967      0.71765543       1.0147871      0.86693875      0.99698723      0.99904511   2.0519958e-09       68.794141      0.80340342      0.30572942      0.81103886      0.16800023       13.625437       10989.368       5.5711573        5.5711573       10989.368                               10558.815                 22.094113                 395.83829                       12.62133
              1       5500.3852       3.0219389       3.2023141      0.96994703     0.022486212      0.12217825     0.047770256       1.0409284      0.99633985       21.888387       14.985746       12.166085      0.75795867       1.0184613      0.91351705       0.9974551      0.99554167    2.053106e-09       68.513681      0.80570259      0.30955576      0.81843384      0.15631406       13.633559       10988.793       5.9887578        5.9887578       10988.793                               10559.265                 22.199484                 395.77415                      11.553692
              3       5498.5865       3.0219327       3.2436188      0.97015406     0.022362614      0.12260387      0.04667516        1.040815      0.99505811        21.95376       15.171927       12.283294      0.79154615      0.91869325      0.94833995      0.99935938       1.0021471   2.0530934e-09       68.699539      0.80634513      0.30852302      0.81771908      0.19761877       13.609425       10983.645       6.7641343        6.7641343       10983.645                               10554.352                 22.427774                 395.93986                      10.925056
              1       5497.5602       3.0210147        3.266564      0.97070036     0.022436559      0.12242715     0.045212796       1.0407585       0.9956772        21.52252       14.571249       12.022706      0.83651126       1.0016511       1.0491028       1.0006212       1.0019028   2.0512096e-09       69.069567      0.80455225      0.30501073      0.81124341      0.22056399       13.580052        10982.52       6.3002116        6.3002116        10982.52                               10552.571                 22.426463                 396.13989                      11.382666
              1       5496.8455       3.0210158       3.2656652      0.97071579     0.022439159      0.12241678     0.045210495       1.0407657      0.99605051       21.683322        14.68089        12.12727      0.83861394      0.99838094       1.0250775       1.0005572       1.0017314   2.0512117e-09        69.06747      0.80454593      0.30501298      0.81124003      0.21966522       13.580437       10981.592       6.0496724        6.0496724       10981.592                               10551.464                 22.376395                 396.17433                      11.576764
              2       5496.9192       3.0209607       3.2656652      0.96804286     0.022439159      0.12241678     0.045210495       1.0407657      0.99595568       21.959407       14.874938       12.311842      0.87400189       1.0636675       1.0488512      0.99922492      0.99991701   2.0510987e-09        69.06747      0.80368773      0.30501298      0.81037469      0.21966522       13.580437       10981.645       6.0968131        6.0968131       10981.645                               10551.096                  22.89578                 396.12116                      11.531718
              2       5499.4512       3.0222266       3.2656652      0.96723375     0.022439159      0.12241678     0.045210495       1.0407657      0.99584349       21.408272       15.867134       12.372732       0.9727882      0.91692211       1.0487873       1.0023032       1.0016624   2.0536968e-09        69.06747      0.80394375      0.30501298      0.81063284      0.21966522       13.580437       10986.487       6.2077202        6.2077202       10986.487                               10556.248                 23.168174                 396.07707                      10.993772
              4       5497.3996       3.0222656       3.2666284      0.96740551     0.022424891      0.12237426     0.045112035       1.0407888      0.99658957       22.089455       16.173846       12.979223      0.85338154       1.0407184      0.97621049      0.99603436       0.9980268   2.0537768e-09       69.089338       0.8039251      0.30470094      0.81019929      0.22062842       13.580031       10983.172       5.8138337        5.8138337       10983.172                               10552.605                 23.044402                 396.14443                      11.377618
              1       5498.6092       3.0221921       3.2666284      0.96558616     0.022424891      0.12237426     0.045112035       1.0407888      0.99622924       22.080552       16.283998       13.218315       0.8721568       1.0608883       1.0407158      0.99959623      0.99886442   2.0536259e-09       69.089338      0.80332759      0.30470094      0.80959712      0.22062842       13.580031       10985.358       5.9300052        5.9300052       10985.358                               10554.587                 23.478705                 396.09094                      11.201657
              6       5500.5347       3.0236414       3.2950259      0.96746244     0.022484085      0.12239307     0.045920748        1.040881      0.99626302       21.522967       16.430391       12.609018       0.7968586      0.98784705      0.92367805       1.0016991       1.0009999   2.0566045e-09       69.492708      0.80355853      0.30133546      0.80534508      0.24902591       13.543248       10989.226       5.9218892        5.9218892       10989.226                               10558.123                 23.174051                 396.00041                      11.928176
              6       5499.6332       3.0231131       3.2950259      0.96827873     0.022484085      0.12239307     0.045920748        1.040881      0.99621106       21.636137       16.342278        12.65603      0.77140893      0.94772369      0.92077321       1.0004604      0.99952961   2.0555183e-09       69.492708      0.80360264      0.30133546      0.80538928      0.24902591       13.543248       10987.395       5.9359058        5.9359058       10987.395                               10556.313                 22.974601                 395.98366                      12.122911
              1       5501.8871       3.0245866       3.2950259      0.96865131     0.022484085      0.12239307     0.045920748        1.040881      0.99680456       21.930845       16.508974       12.768721      0.83060948      0.85829323      0.95394544       1.0004313       1.0035235   2.0585493e-09       69.492708      0.80431206      0.30133546      0.80610028      0.24902591       13.543248       10992.444       5.6651271        5.6651271       10992.444                               10561.669                 22.919554                 396.00092                       11.85438
              1       5500.0434       3.0243459       3.2825704       0.9685015     0.022431328      0.12223381     0.045653957       1.0409361      0.99711319       21.776908       16.460734       12.630411       0.8371968      0.92043858      0.88286654       1.0007097       1.0063146   2.0580538e-09       69.378842      0.80427956      0.30188493      0.80680228      0.23657038       13.558563       10988.779       5.6538405        5.6538405       10988.779                               10558.041                 22.902365                 396.06913                      11.766889
              2       5499.0986       3.0238641       3.2521076      0.96710041     0.022446074      0.12245881     0.045621475       1.0409513      0.99682742       21.115028       15.556613       12.142205      0.83300173       1.1487437       1.1879762      0.99424833       1.0003262   2.0570625e-09       68.965108      0.80523585      0.30602199      0.81327756      0.20610758       13.588015       10986.684       5.7564177        5.7564177       10986.684                               10556.575                 23.100274                  396.0541                      10.954609
