#        weight    minuslogpost            logA             nnu              ns           ombh2           omch2             tau    theta_MC_100        A_planck         amp_143         amp_217     amp_143x217           n_143           n_217       n_143x217           calTE           calEE              As              H0          sigma8          omegam              S8      delta_neff             age       chi2__CMB   minuslogprior minuslogprior__0            chi2 chi2__planck_NPIPE_highl_CamSpec.TTTEEE chi2__planck_2018_lowl.TT chi2__planck_2018_lowl.EE chi2__planck_2018_lensing.clik
              1       6534.8604       3.0282964       3.4491514      0.96889356     0.022033811      0.11909499     0.058043911       1.0417599       1.0025483       11.488321       19.967514       9.8941003      0.69918096       0.7385355      0.99294568      0.99074198       0.9965965   2.0662003e-09       72.407068      0.79245629      0.27041679      0.75237007      0.40315145       13.394233       13058.138       5.7912491        5.7912491       13058.138                                12591.09                 21.893276                 396.65906                      48.496295
              2       6354.6019       3.0282813       3.4450003      0.96898968     0.022038407      0.11898059     0.058113058       1.0417814       1.0016807       12.691733       20.995975       12.185748      0.66089326      0.98359275       1.0057706      0.99718233      0.99326404   2.0661691e-09       72.412485      0.79220564      0.27016692      0.75178454      0.39900026       13.396636       12698.648       5.2778002        5.2778002       12698.648                               12233.108                 21.982595                 396.69924                      46.858809
              1       6249.6442       3.0272775       3.4461643      0.96802859     0.022061916      0.11908504     0.057375684       1.0416433       1.0015004       15.152295       20.255905       13.073222       0.5488654       1.1190399       1.0995227      0.98056219      0.98462846    2.064096e-09       72.359058      0.79162499      0.27081042      0.75212765      0.40016432       13.397761       12483.216       8.0359085        8.0359085       12483.216                               12018.511                 22.167951                 396.56185                      45.975283
              1       6136.6812        3.027501       3.4461643      0.96826663     0.022061916      0.11908504     0.057375684       1.0416433       1.0002899       15.754562       19.770025        13.66319      0.60409292       1.5360395       1.3192648      0.99343192      0.99031351   2.0645574e-09       72.359058      0.79178935      0.27081042       0.7522838      0.40016432       13.397761       12262.409        5.476816         5.476816       12262.409                               11800.315                 22.291954                 396.55871                      43.243347
              3       6038.6599       3.0272893       3.4029952      0.96632817     0.022071634      0.11975166     0.057204178       1.0417548      0.99954883       16.615907       20.818185       15.187384      0.46294383       1.5677122        1.474816      0.99493298      0.98469501   2.0641204e-09       71.652231      0.79485725      0.27749705      0.76446516      0.35699516       13.439307       12065.118       6.1011256        6.1011256       12065.118                               11608.933                 22.572942                 396.58947                      37.022388
              3       6013.0512       3.0272542       3.4052069      0.96638541     0.022073284      0.11973943     0.057131266       1.0417491      0.99957776       17.092915       21.219142       15.804649      0.46596754       1.4001699       1.5394318      0.99622722      0.98662998   2.0640479e-09       71.682091      0.79473688      0.27724532      0.76400262      0.35920688       13.437074       12014.573       5.7644735        5.7644735       12014.573                               11558.265                 22.569989                 396.55619                      37.182564
              3       5957.0669       3.0244089       3.3281848      0.96139898     0.021892636       0.1203915     0.054952525       1.0416696      0.99941889       17.222883       20.970001       15.588964      0.56664807       1.3438142       1.5329458      0.99068235      0.99120944   2.0581834e-09       70.363355      0.79742348      0.28868705      0.78224364      0.28218477       13.536466       11902.868       5.6327322        5.6327322       11902.868                                11454.28                 23.310118                 396.24318                      29.035162
              4       5807.6459       3.0234459       3.3281848      0.96812849     0.021892636       0.1203915     0.054952525       1.0416696      0.99834778       18.927013       22.687076       16.808376      0.33351159      0.99454334      0.89334094      0.98410624      0.98810224   2.0562025e-09       70.363355      0.79915132      0.28868705      0.78393859      0.28218477       13.536466       11601.343       6.9744817        6.9744817       11601.343                               11154.986                 22.056291                  396.1597                      28.141171
              4       5767.5168        3.022358        3.332076      0.96820624     0.022012249      0.12043998     0.053004907       1.0417314      0.99847844       18.717673       21.317094        15.84557      0.13070939       1.1864967      0.78253582      0.98648187      0.99193991   2.0539667e-09       70.513274      0.79832728      0.28779885      0.78192459      0.28607596       13.519259       11522.616       6.2089887        6.2089887       11522.616                               11077.421                 22.178919                 395.86394                       27.15201
              3       5721.8573       3.0293888        3.332076      0.96323616     0.022012249      0.12043998     0.053004907       1.0417314       1.0000711       19.855108       22.441558       16.752056      0.21458052       0.7918967      0.62979931      0.99438134       1.0036077   2.0684587e-09       70.513274      0.79957071      0.28779885      0.78314247      0.28607596       13.519259       11433.697       5.0085815        5.0085815       11433.697                               10991.441                 23.448318                 395.96495                      22.842722
              1       5693.8408       3.0297426        3.332076      0.96640872     0.022012249      0.12043998     0.053004907       1.0417314       1.0006059       20.343122       22.930186       17.085791      0.34704484      0.97581049      0.83265273      0.99187392        1.000406   2.0691906e-09       70.513274      0.80071238      0.28779885      0.78426069      0.28607596       13.519259        11377.39       5.1456159        5.1456159        11377.39                               10935.689                 22.725377                 395.89223                      23.083628
              1       5689.9361       3.0289147       3.3105857      0.96452879     0.022113421      0.12092522     0.052784459       1.0416358      0.99989434       20.433913        22.98802       16.843523      0.78717371      0.97632241       1.1085779      0.99110723      0.99899114   2.0674782e-09       70.140353      0.80159026      0.29205928      0.79091044      0.26458567       13.535741       11369.499       5.1866436        5.1866436       11369.499                               10929.799                 23.073942                 395.86573                      20.759801
              7       5682.1219       3.0293825       3.3419261      0.96621272      0.02217115      0.12068765     0.052668311       1.0416578       1.0002599       21.155578       23.189096       17.035805      0.83498874       1.0263156       1.1057719      0.99560092       1.0038108   2.0684456e-09       70.647612      0.80030367      0.28751997       0.7834805      0.29592605       13.497193       11354.324       4.9600256        4.9600256       11354.324                               10912.773                   22.8492                 395.82776                      22.873771
              3       5662.9304       3.0294757       3.3448975      0.96661399       0.0221319        0.120507     0.052662745       1.0416799       1.0003199       22.235843       23.101529       17.285125       0.8197701       1.1602412       1.1069892       0.9968977       1.0056637   2.0686384e-09       70.722074      0.79994394      0.28647518      0.78170416      0.29889747       13.496609       11315.857       5.0019521        5.0019521       11315.857                               10873.948                 22.792177                 395.83872                      23.278109
              7       5648.4645       3.0273189       3.3448975      0.97002121       0.0221319        0.120507     0.052662745       1.0416799       1.0001771       22.260272       22.705815       17.455576      0.63387955      0.98819507      0.95527264      0.99261959      0.99460326   2.0641816e-09       70.722074       0.8001601      0.28647518       0.7819154      0.29889747       13.496609       11286.517       5.2057405        5.2057405       11286.517                               10843.725                 22.030826                  395.8243                      24.937758
              1       5641.5448       3.0244394       3.3269826      0.96633945     0.022116857      0.12098166     0.050739997       1.0413154      0.99951985       21.644712       22.737589       16.978062      0.73305893      0.99405231       1.0389117      0.99352537      0.99402769   2.0582464e-09         70.2038      0.79976872      0.29165312      0.78856428      0.28098261       13.528739       11272.706       5.1916445        5.1916445       11272.706                               10832.499                 22.674837                 395.73396                      21.798373
              6       5625.1841       3.0259094       3.3269826      0.96726571     0.022116857      0.12098166     0.050739997       1.0413154       1.0003105       22.961167       23.436731       17.504407      0.84985595      0.88782975      0.87143744        1.000938      0.99890594   2.0612742e-09         70.2038      0.80064831      0.29165312      0.78943155      0.28098261       13.528739       11240.762       4.8033501        4.8033501       11240.762                               10801.062                 22.488231                 395.73977                      21.471385
              2       5617.8644        3.028414       3.3269826      0.96725259     0.022116857      0.12098166     0.050739997       1.0413154       1.0012006       23.174867       23.547604       17.545119      0.85145278      0.82415917      0.79932452       1.0006234      0.99996988   2.0664432e-09         70.2038      0.80164743      0.29165312      0.79041667      0.28098261       13.528739       11225.924       4.9025093        4.9025093       11225.924                               10787.211                 22.538892                 395.72819                      20.445306
              1        5609.456       3.0269077       3.3269826      0.97015925     0.022116857      0.12098166     0.050739997       1.0413154        1.001254       22.874195       22.832225       16.770828      0.79318663      0.81418034      0.79399107       1.0003532       0.9999901    2.063333e-09         70.2038       0.8019609      0.29165312      0.79072575      0.28098261       13.528739       11209.089       4.9116796        4.9116796       11209.089                               10769.745                 21.913723                  395.7677                      21.661946
              2       5564.6975         3.02586       3.3413138      0.96992802     0.022137871      0.12082162     0.049793392       1.0411682      0.99974281       23.529918       21.996965       16.447904       0.3036707      0.77344317      0.54411333       1.0005506       1.0131743   2.0611724e-09       70.395448      0.80027416      0.28978671      0.78653381      0.29531381       13.516014       11118.075       5.6598706        5.6598706       11118.075                               10679.748                 22.210068                 395.70955                      20.407479
              2       5560.8282        3.028469       3.3413138       0.9674231     0.022137871      0.12082162     0.049793392       1.0411682      0.99966527       23.594961       22.178205       16.531004       0.3267833      0.79917775      0.58113249       1.0019221       1.0145782   2.0665569e-09       70.395448       0.8005275      0.28978671       0.7867828      0.29531381       13.516014       11109.906       5.8753161        5.8753161       11109.906                               10672.902                 22.873151                 395.74975                      18.381172
              3       5555.0732       3.0287152       3.3413138      0.96785875     0.022137871      0.12082162     0.049793392       1.0411682      0.99983302       23.806804       22.536456       17.001987      0.36795808      0.60605283      0.33506288      0.99892047       1.0143063   2.0670658e-09       70.395448      0.80076355      0.28978671       0.7870148      0.29531381       13.516014       11098.513       5.8166667        5.8166667       11098.513                               10661.641                 22.778703                 395.73032                      18.362619
              1        5544.235       3.0279165       3.3340872      0.96661863     0.022273422      0.12061469     0.050997857       1.0408667       0.9982422       23.755118        22.25222        17.45935      0.25993153      0.75336135      0.50711873      0.99427984       1.0108694   2.0654156e-09       70.397273      0.79874313      0.28962765       0.7848136      0.28808725        13.51773       11076.896       5.7867699        5.7867699       11076.896                               10639.886                 23.099608                 395.71434                      18.196727
              3       5541.4904       3.0270139       3.3214396      0.96526485     0.022276994      0.12096335     0.050028476       1.0408258      0.99809395       23.483036       21.877448       17.202697      0.25116789      0.68123162      0.51246271      0.98959942       1.0082809   2.0635522e-09       70.113485      0.79947683      0.29269348      0.78968116      0.27543958        13.53275       11071.062        5.959624         5.959624       11071.062                               10635.317                 23.367906                 395.69743                      16.678988
              3       5534.7007       3.0272862       3.3101823      0.96562808     0.022290924      0.12083134     0.050202495       1.0409415      0.99833438       24.356902       22.278252       17.554609      0.28203782        0.726221      0.42241925      0.99356981       1.0100754    2.064114e-09       70.081497      0.79963836      0.29272032      0.78987692      0.26418233       13.538585       11057.958        5.721503         5.721503       11057.958                               10622.263                 23.258713                 395.70878                      16.728087
              2       5528.8601       3.0329101       3.3101823      0.96236112     0.022290924      0.12083134     0.050202495       1.0409415      0.99878802       24.301173        21.86963       17.122295      0.18960135      0.61991185       0.3204005      0.99660604       1.0098653   2.0757551e-09       70.081497       0.8008643      0.29272032       0.7910879      0.26418233       13.538585       11046.826       5.4469829        5.4469829       11046.826                               10613.003                 24.389397                 395.69902                      13.734663
              3       5521.0933       3.0263513       3.3101823      0.97534498     0.022290924      0.12083134     0.050202495       1.0409415      0.99955202       23.994886       21.310934       16.748497     0.084996429      0.48500995      0.15403911      0.99125577       1.0057121   2.0621853e-09       70.081497      0.80232388      0.29272032      0.79252965      0.26418233       13.538585       11031.493       5.3467585        5.3467585       11031.493                               10596.059                  21.31954                 395.75375                      18.360554
              3        5516.405       3.0260759       3.3086539      0.97501418     0.022290719      0.12088895     0.049960113       1.0409143      0.99951788       24.061252       21.798809       17.257305      0.14894605      0.41969485       0.1807854      0.99244852       1.0028601   2.0616175e-09       70.033504      0.80232695      0.29323868      0.79323412      0.26265387        13.54119        11022.55       5.1298743        5.1298743        11022.55                               10587.342                 21.365956                 395.74367                      18.098842
              3       5518.4147       3.0348726       3.3086539      0.96912068     0.022290719      0.12088895     0.049960113       1.0409143       1.0015919       25.817889       23.394116       18.463736      0.23342975      0.33426161      0.18158338      0.99384994       1.0097974   2.0798327e-09       70.033504      0.80399795      0.29323868      0.79488618      0.26265387        13.54119       11025.515       5.6570334        5.6570334       11025.515                                10592.75                 22.632961                 395.70489                       14.42751
              4       5513.4991       3.0354131       3.3163908      0.96901168     0.022382943      0.12106993      0.05121693       1.0407987       1.0011762       25.626444       22.893617       18.032888       0.2641057      0.49595864      0.23398564      0.99848546       1.0059028   2.0809572e-09       70.096969      0.80406747      0.29326395      0.79498916      0.27039076       13.528609       11016.835       5.0816084        5.0816084       11016.835                               10583.605                 22.622468                 395.72424                      14.883731
              7       5512.3901       3.0332897       3.2807594       0.9654091     0.022428506      0.12219847     0.048732378       1.0407363       1.0008187       24.263599       22.025773       17.110202      0.39294267      0.41631579       0.3362973      0.99316133       1.0006826   2.0765432e-09       69.299739      0.80667956      0.30249505      0.81002712      0.23475943        13.56637        11014.63       5.0750377        5.0750377        11014.63                               10583.788                 23.290958                 395.72013                      11.831505
              9        5509.524       3.0330202       3.2821811      0.96520837      0.02241492      0.12230394     0.048182063       1.0407376       1.0009497       24.888946       22.264189       17.157849       0.1513902      0.36671992      0.11557828      0.99369457       1.0027731   2.0759837e-09       69.267946      0.80687039      0.30296428      0.81084691      0.23618109       13.566709       11008.859       5.0946547        5.0946547       11008.859                               10578.103                  23.34188                 395.75479                      11.658615
              7       5508.7977       3.0329468       3.2657868      0.96430523     0.022365463      0.12254025     0.048243095       1.0407491       1.0007543         25.1003        22.61197       17.441159      0.18105687      0.32183757     0.087129146      0.99359585       1.0015579   2.0758314e-09       68.957605      0.80803222      0.30609033      0.81619297      0.21978685       13.588633         11007.5       5.0479781        5.0479781         11007.5                               10577.228                 23.463879                 395.74738                      11.060659
              1        5509.045       3.0329739       3.2653707      0.96428133      0.02235969      0.12258249     0.048187524       1.0407603       1.0005885       25.075983       22.439017        17.14728      0.20918926      0.35502072      0.11410279      0.99401976       1.0007582   2.0758875e-09       68.936927       0.8082197      0.30635071      0.81672951      0.21937069       13.589469       11008.101       4.9946522        4.9946522       11008.101                               10577.924                 23.494587                  395.7646                      10.917471
              4       5510.6701       3.0334024       3.2444371      0.96380393     0.022287729      0.12266787     0.048854404        1.040831       1.0004408       24.843315       21.752477       16.507558      0.17275795      0.32242063     0.099558158      0.99188207      0.99543916   2.0767772e-09       68.628966      0.80949713      0.30913476      0.82172899      0.19843705       13.615842       11010.872       5.2343096        5.2343096       11010.872                                10581.07                 23.491942                 395.73698                      10.572615
              5       5508.8303       3.0342011       3.2518866      0.96497215     0.022233084      0.12234871     0.049522771        1.040906       1.0007188       25.393789        22.02344       16.850124      0.15989909      0.29917616     0.038789467      0.99391837      0.99695556   2.0784366e-09       68.806142      0.80921931       0.3067552      0.81827933      0.20588663       13.610258       11007.545       5.0578612        5.0578612       11007.545                               10577.488                 23.235791                  395.7241                      11.097221
              3        5508.642       3.0342407       3.2518866       0.9661605     0.022233084      0.12234871     0.049522771        1.040906       1.0009512       25.428692       22.001839       16.815143      0.15316533      0.27854446    0.0090561413      0.99363063      0.99724726    2.078519e-09       68.806142      0.80960744       0.3067552       0.8186718      0.20588663       13.610258       11007.087       5.0983664        5.0983664       11007.087                               10577.186                 22.956253                 395.72819                      11.216461
              3       5505.6617       3.0342724       3.2518866      0.96626877     0.022233084      0.12234871     0.049522771        1.040906       1.0011811       25.127791       21.208208       16.514479      0.23113193      0.20329311     0.049224823      0.99287529      0.99625456   2.0785849e-09       68.806142      0.80965418       0.3067552      0.81871907      0.20588663       13.610258       11000.882       5.2208122        5.2208122       11000.882                               10570.911                 22.904083                   395.741                      11.325756
              3       5505.8785       3.0340368       3.2675538      0.96660835     0.022257795      0.12228589     0.049115125       1.0408512       1.0011921       25.146602       21.307012       16.550623      0.22629073      0.19986308     0.031665122      0.99336462      0.99736892   2.0780951e-09       69.011283      0.80884491      0.30485418      0.81536245      0.22155382       13.593466        11001.45         5.15369          5.15369        11001.45                               10571.218                 22.911021                 395.74201                      11.578064
              1       5503.3228       3.0338384       3.2519173      0.96584349     0.022296524      0.12236566     0.049480156       1.0408197       1.0008195       25.373765       21.627284       16.965583      0.23669913      0.40731226      0.19154568      0.99380937      0.99225581   2.0776829e-09       68.824615      0.80906004      0.30676026      0.81812502      0.20591731       13.606544       10995.985       5.3304678        5.3304678       10995.985                                10566.02                 23.025876                 395.71999                      11.218533
              4       5502.5007        3.033811       3.2519173      0.96674877     0.022296524      0.12236566     0.049480156       1.0408197       1.0014675       25.115953       21.694431       17.269347      0.12081831      0.28771464      0.04531289      0.99021654      0.99779454    2.077626e-09       68.824615      0.80933251      0.30676026      0.81840054      0.20591731       13.606544       10994.081       5.4604351        5.4604351       10994.081                               10564.021                  22.75058                 395.72223                      11.586295
              6       5503.5635       3.0363847       3.2695521      0.96871976     0.022368059      0.12271484      0.05132267        1.041032       1.0008415       25.507373       22.025768       17.613239      0.16450607      0.33989092      0.14527367      0.99287111       0.9952744   2.0829801e-09       69.038419      0.81151711      0.30574589      0.81925172      0.22355208       13.577017       10996.712        5.207665         5.207665       10996.712                                10566.75                 22.456409                 395.75777                      11.747854
              9       5503.3362       3.0364313       3.2682355      0.96868025     0.022322333      0.12271211      0.05129266       1.0410439       1.0009203       25.604935       22.117997       17.657277       0.1694787      0.31986852       0.1256712      0.99330817      0.99625595   2.0830772e-09       68.989559       0.8117518      0.30607732      0.81993271      0.22223554       13.582504       10996.378       5.1469954        5.1469954       10996.378                               10566.469                 22.446142                 395.74936                      11.714268
              1       5504.0541       3.0376496       3.2682355      0.96658049     0.022322333      0.12271211      0.05129266       1.0410439       1.0009688        25.61208       22.391937       17.907577      0.21517401      0.29877326      0.15614431       0.9950663      0.99688318   2.0856165e-09       68.989559      0.81158409      0.30607732       0.8197633      0.22223554       13.582504       10998.047       5.0306121        5.0306121       10998.047                               10568.097                 22.932443                 395.76533                      11.252485
              3       5503.3665       3.0370525       3.2598308      0.96623609     0.022367184      0.12257339     0.050983523       1.0410198       1.0012697       25.551291       22.223422       17.811464      0.21508021       0.2651992      0.13057126      0.99443946      0.99680477   2.0843716e-09       68.970823      0.81082194      0.30604629      0.81895196       0.2138308       13.586582       10996.493       5.1198627        5.1198627       10996.493                                 10566.5                 22.963366                 395.68906                      11.341296
              2       5503.0525       3.0378278       3.2357921      0.96677128     0.022306158        0.122223     0.051981533       1.0411954       1.0015436        25.85232       22.098508       17.822732      0.17589981      0.25891482     0.077609745      0.99656714      0.99489775   2.0859881e-09       68.824133      0.81127871      0.30648373      0.81999869      0.18979205        13.61009       10995.775       5.1649571        5.1649571       10995.775                               10565.721                 22.752504                 395.83558                      11.465619
              6       5503.5438       3.0376204       3.2420017      0.96661501     0.022309463      0.12215404     0.052135961       1.0410965       1.0017366       25.632148       22.131217       17.822581      0.16226389      0.28688292     0.097274267      0.99590723      0.99539335   2.0855555e-09       68.889322      0.81063056      0.30576561      0.81838313      0.19600171       13.606154       10996.655       5.2163769        5.2163769       10996.655                               10566.233                  22.74466                 395.83318                      11.843615
              6       5505.5667       3.0375228       3.2462562      0.96661876     0.022313192      0.12216608     0.052001569       1.0410728       1.0017339       25.919505       22.122244       17.682087     0.068102687      0.26431717     0.010380773      0.99458917      0.99117993    2.085352e-09       68.929358      0.81046848      0.30544372       0.8177887      0.20025618       13.602266       11000.011       5.5611319        5.5611319       11000.011                               10569.528                 22.759547                 395.83558                      11.887981
             11       5502.6953       3.0371659       3.2495406      0.96626217     0.022337981      0.12227995     0.051668626       1.0410153       1.0016182       25.632491       21.564633       17.518215     0.075267634      0.25696262     0.023943575      0.99588719      0.99411244   2.0846081e-09       68.928711      0.81033428      0.30574128      0.81805145      0.20354065       13.598682       10994.885       5.2526228        5.2526228       10994.885                               10564.465                 22.852508                 395.81638                      11.751348
              3       5502.1823       3.0362719       3.2495406      0.96643389     0.022337981      0.12227995     0.051668626       1.0410153       1.0013311       25.712427       21.711485       17.686457        0.104109      0.20094441     0.026000674      0.99690556      0.99291975   2.0827451e-09       68.928711      0.81002601      0.30574128      0.81774025      0.20354065       13.598682       10993.914       5.2255252        5.2255252       10993.914                               10563.344                 22.795686                 395.81915                      11.954943
              1       5502.8754       3.0365113       3.2376246       0.9661707     0.022286956      0.12232132      0.05200976       1.0410593       1.0012836       26.079295       21.940257       17.875413      0.14464264      0.28733661       0.1003828      0.99947151      0.99532806   2.0832439e-09       68.748461      0.81077912      0.30732619      0.82061928      0.19162463       13.614581       10995.696       5.0275988        5.0275988       10995.696                                10565.37                 22.789792                 395.83051                      11.705038
              3       5502.3874        3.035204        3.253457      0.96517588      0.02225653      0.12239147     0.050917434        1.040822       1.0011362       25.852213       22.137431       17.866581      0.14429201       0.2753528      0.10153476      0.99941875      0.99816939   2.0805222e-09       68.800439       0.8096083      0.30694592      0.81892713      0.20745695       13.609014       10994.961       4.9069759        4.9069759       10994.961                               10564.554                 23.043726                 395.72039                      11.642882
              1        5502.199        3.035238       3.2161541      0.96447822     0.022324511      0.12245319     0.051350903       1.0409559       1.0009113       25.445311       21.462655       17.509035      0.12046851       0.2924718      0.12993586      0.99596284      0.99293847   2.0805928e-09       68.450946      0.81054712      0.31036511      0.82443057      0.17015414       13.636037       10994.033        5.182513         5.182513       10994.033                               10564.168                 23.105261                 395.78021                      10.979438
              8       5501.3717       3.0364995       3.2161541      0.96453916     0.022324511      0.12245319     0.051350903       1.0409559       1.0011848       26.062159       21.701651       17.744798      0.24054147      0.34732701      0.15115474       1.0005488      0.99517403   2.0832191e-09       68.450946      0.81107755      0.31036511      0.82497009      0.17015414       13.636037       10992.712       5.0155039        5.0155039       10992.712                               10563.102                 23.144654                 395.77572                      10.689996
              1       5501.3074       3.0365057        3.228471      0.96488359     0.022314851      0.12244732     0.051073172         1.04094       1.0003977       25.856041       21.694492       17.736692        0.193795       0.2941779      0.11485059        1.000712      0.99753961   2.0832321e-09       68.581626      0.81083145      0.30915044      0.82310434      0.18247098       13.625051       10992.953       4.8307109        4.8307109       10992.953                               10563.486                 23.246531                 395.77027                       10.45106
             10        5501.024       3.0367442       3.2308214      0.96512159     0.022311051      0.12241571     0.051314169       1.0409498       1.0003805       25.058491       21.192737       17.086039      0.17094741      0.20485787     0.061186792      0.99698248       1.0006744    2.083729e-09       68.619954      0.81085476      0.30872998      0.82256806      0.18482142       13.622645       10992.359       4.8446382        4.8446382       10992.359                               10562.823                 23.198502                 395.79814                       10.53952
              3       5502.5148        3.036804       3.2314831      0.96518267     0.022329977      0.12242245     0.051405012         1.04095       1.0003311       24.977493        21.40725       17.154324      0.19461599       0.2965892      0.15703388      0.99554163       1.0000161   2.0838537e-09       68.641233      0.81082306      0.30859308      0.82235351      0.18548309       13.620119       10995.243       4.8934132        4.8934132       10995.243                                10565.71                 23.192801                 395.78411                      10.556097
              1       5502.2132       3.0374433       3.2166012      0.96483791     0.022342882      0.12267434     0.052265787       1.0410102       1.0001123       25.242169       21.220789       17.392794      0.26460833      0.49058337      0.29334442      0.99262905      0.99333113   2.0851864e-09        68.41287      0.81223395      0.31122246      0.82728658      0.17060125       13.633057       10993.866       5.2802872        5.2802872       10993.866                               10564.505                 23.180019                 395.85817                      10.322951
              3       5501.5106       3.0360114       3.2166012      0.96351827     0.022342882      0.12267434     0.052265787       1.0410102       0.9993597       24.707484       20.553421       16.698274      0.35597086      0.52570221      0.39167751      0.99028053      0.99399521   2.0822027e-09        68.41287      0.81124062      0.31122246      0.82627484      0.17060125       13.633057        10992.08       5.4706807        5.4706807        10992.08                               10562.357                 23.471303                 395.85066                      10.400966
              6       5500.4012       3.0362733       3.2200043      0.96399299     0.022341327      0.12256275     0.052442455       1.0410421      0.99947618       25.002028       20.094879       16.780784      0.29406681      0.51845402      0.35376654      0.99190195      0.99327151   2.0827481e-09       68.500529       0.8110686      0.31018529      0.82472196      0.17400432       13.628389       10990.079       5.3614601        5.3614601       10990.079                               10560.272                  23.37616                 395.85159                      10.579581
              1       5502.0377       3.0361816       3.2275403      0.96438763     0.022356954      0.12236272     0.052420268       1.0410147      0.99958206       25.324717       20.487983       17.178474      0.30817727      0.57880217      0.37618086      0.99481437      0.99446908   2.0825571e-09       68.661265      0.81019135      0.30834356      0.82138056      0.18154029        13.61924       10993.902       5.0866375        5.0866375       10993.902                               10563.869                 23.323314                 395.83834                      10.871289
              1       5505.3245        3.041118       3.2275403      0.95829081     0.022356954      0.12236272     0.052420268       1.0410147       1.0002214       25.630283       21.123408       17.689581      0.36739893      0.61848603      0.43422309      0.99667394      0.99803164   2.0928629e-09       68.661265      0.81028823      0.30834356      0.82147877      0.18154029        13.61924       11000.921       4.8638613        4.8638613       11000.921                               10570.298                 25.100018                 395.92115                      9.6016779
              1        5503.228       3.0404215       3.2474059      0.95827545      0.02246158      0.12244835     0.051588186       1.0408971       1.0000706       26.929144       21.336175       17.782822       0.4305618      0.51669971      0.35129012       1.0007758      0.99911531   2.0914056e-09       68.909109      0.80915078      0.30653018      0.81790987      0.20140586       13.592733       10996.871       4.7925755        4.7925755       10996.871                               10566.166                 25.255943                 395.78082                      9.6681149
              5        5500.425       3.0348547       3.2474059      0.96462753      0.02246158      0.12244835     0.051588186       1.0408971      0.99925351        26.36033       20.743119       17.208299        0.386386       0.5337568      0.33132024      0.99795344      0.99633816   2.0797955e-09       68.909109      0.80888556      0.30653018      0.81764178      0.20140586       13.592733       10991.014       4.9178216        4.9178216       10991.014                               10560.751                 23.376689                 395.77077                      11.116324
