#        weight    minuslogpost            logA             nnu              ns           ombh2           omch2             tau    theta_MC_100        A_planck         amp_143         amp_217     amp_143x217           n_143           n_217       n_143x217           calTE           calEE              As              H0          sigma8          omegam              S8      delta_neff             age       chi2__CMB   minuslogprior minuslogprior__0            chi2 chi2__planck_NPIPE_highl_CamSpec.TTTEEE chi2__planck_2018_lowl.TT chi2__planck_2018_lowl.EE chi2__planck_2018_lensing.clik
              3       5757.6734       3.0456621       3.3167627      0.96430744      0.02254154      0.11873465       0.0523228        1.041345      0.99951094       12.020345       19.454804       9.8477383      0.43679219       1.1222454      0.33652287      0.99449086       1.0087904   2.1023946e-09        71.27253      0.79834397      0.27938461      0.77042552      0.27076272       13.485659       11504.662       5.3424997        5.3424997       11504.662                               11071.726                 25.145703                 395.77449                      12.016006
              2       5710.5849       3.0427945       3.1910965      0.95781541     0.022184801      0.11970643      0.04986886       1.0414659       0.9993288       11.292627       18.246062       9.1313392      0.56583779       1.1478383      0.59685313      0.98939965       1.0097451   2.0963744e-09       69.187182      0.80416666      0.29776496      0.80116549      0.14509653        13.64843       11409.454       5.8579694        5.8579694       11409.454                               10978.749                 26.344063                 395.71624                      8.6446481
              3       5678.3493       3.0426409       3.1556395      0.95479565     0.022229435      0.12095594      0.05014654       1.0414115      0.99843336       11.770203       18.800093       9.1949158      0.68744229       1.1049951      0.81435695      0.99184961       1.0039724   2.0960525e-09       68.349534      0.80823896      0.30787831      0.81878278      0.10963952       13.687157       11345.913       5.3926475        5.3926475       11345.913                               10914.703                 26.990705                 395.77474                      8.4447877
              1       5676.6114       3.0427196       3.1556395      0.95502738     0.022229435      0.12095594      0.05014654       1.0414115      0.99989535       12.068379       18.736783       8.8338389      0.69580138       1.0972462      0.61455942      0.99471755       1.0037641   2.0962175e-09       68.349534      0.80834218      0.30787831      0.81888734      0.10963952       13.687157        11343.23       4.9964945        4.9964945        11343.23                                10912.36                  26.62428                  395.7619                      8.4834927
              1       5653.2063        3.043367       3.0795071      0.95347601     0.022342477      0.12112553     0.052186232       1.0416221      0.99909932       11.346279       17.752341       8.9861821       0.7180998       1.2760657       1.0551946       1.0021232      0.99585599    2.097575e-09       67.571608      0.81070603      0.31562709      0.83155295     0.033507107       13.748333       11296.496        4.958556         4.958556       11296.496                               10865.157                 26.765192                 395.92603                      8.6477514
              1       5618.1562       3.0450499       3.0781851      0.95663729     0.022335061      0.12059383     0.052156199       1.0421167       1.0006719       14.555614       18.475344       9.5519049      0.55141464       1.0934527      0.53934146       1.0059087       1.0010302   2.1011079e-09       67.901513      0.81112562      0.31139824      0.82639098      0.03218507       13.733574        11226.31       5.0012423        5.0012423        11226.31                               10795.981                 25.844056                 395.87968                      8.6052872
              1       5608.3195       3.0399829       3.0781851      0.95898367     0.022335061      0.12059383     0.052156199       1.0421167       0.9990722       13.011375       17.054496       8.3317052      0.41938499       1.3384281       0.8035344      0.99163512      0.99679517   2.0904885e-09       67.901513      0.80979358      0.31139824      0.82503386      0.03218507       13.733574       11206.128       5.2553292        5.2553292       11206.128                               10776.416                 25.025355                 395.89376                      8.7929521
              4       5599.8313        3.040348       3.0100543      0.95707311     0.022109416      0.12093015     0.052655839       1.0423668      0.99805566       12.748987       15.984662       7.8375365      0.39344076       1.2391226      0.65121566      0.99036443      0.99844411   2.0912519e-09       66.893834      0.81379629      0.32108589      0.84191004    -0.035945718       13.820627       11188.535       5.5640156        5.5640156       11188.535                               10757.943                 25.355663                 395.99623                      9.2394284
              2       5596.5972       3.0391732       3.0100543       0.9556687     0.022109416      0.12093015     0.052655839       1.0423668      0.99712851       12.647661       15.583083       7.6731882      0.32850921       1.1806863      0.57289064      0.99405557       1.0039315   2.0887966e-09       66.893834      0.81289135      0.32108589      0.84097383    -0.035945718       13.820627       11181.797       5.6988553        5.6988553       11181.797                               10750.811                 25.811745                  395.9934                      9.1801978
              3       5577.5996       3.0418338       2.9844078      0.95894965      0.02215373      0.11999094     0.055235449       1.0428547      0.99793355       14.573093       14.734399       7.9406397      0.28228354       1.0300671      0.40119932      0.99217867       1.0060874   2.0943614e-09       67.123612      0.81301835       0.3168961      0.83559949    -0.061592205       13.824469       11143.963       5.6180178        5.6180178       11143.963                               10713.764                 24.813651                 396.42623                      8.9595095
              1       5562.9387       3.0414906       2.9994128      0.95955844     0.022178967      0.11949571     0.055386709       1.0427387      0.99694578       15.864508       15.317447       9.2542625      0.36347361         1.20452      0.65147855      0.99977081       1.0074726   2.0936427e-09       67.452084      0.81069333      0.31278949      0.82779357    -0.046587186       13.807767       11114.256       5.8109779        5.8109779       11114.256                               10684.118                 24.918176                 396.43892                      8.7808403
              1       5552.8418       3.0412578       2.9986925      0.95929976      0.02221498       0.1195578     0.055255159        1.042708      0.99771721       17.213444       15.486358       10.243554      0.36122347       1.2354163      0.64768545        1.002328       1.0039077   2.0931554e-09       67.441441      0.81057057      0.31310364      0.82808376    -0.047307453       13.806049       11095.072       5.3055957        5.3055957       11095.072                               10665.054                 24.840574                 396.38884                      8.7894757
              1       5534.3276       3.0405363       3.0052291      0.95853344     0.022229678      0.11946021     0.055434204       1.0424828      0.99720479       16.051284       13.524667       9.0930472      0.58155201       1.3860531       1.2926167       1.0013512       1.0081973   2.0916458e-09       67.488088      0.80922674      0.31249126      0.82590203    -0.040770941       13.804103       11057.144       5.7554162        5.7554162       11057.144                               10626.908                 25.070686                 396.44825                      8.7173873
              1       5533.1758       3.0374013       3.0052291      0.96685596     0.022229678      0.11946021     0.055434204       1.0424828      0.99869676       15.968776       12.738913       8.3783028      0.76750603       1.5005727       1.3664141      0.98931155       1.0027997   2.0850987e-09       67.488088      0.81049988      0.31249126      0.82720141    -0.040770941       13.804103       11055.289       5.5315343        5.5315343       11055.289                                10626.74                 22.657041                 396.28963                      9.6023164
              2       5521.9857       3.0368449       3.0548294      0.96709411     0.022292825      0.11977633      0.05432921       1.0422549      0.99747287       15.377534       12.000535       8.0399035      0.70090913        1.383872       1.3474509      0.99161043       1.0020203   2.0839389e-09       67.927297      0.80929944      0.30929862      0.82174601    0.0088293753       13.754482       11032.634       5.6684988        5.6684988       11032.634                               10604.184                 22.930899                 396.05315                      9.4661689
              3        5521.679       3.0371081       3.0566032      0.96714004     0.022404377      0.11990452     0.054876303       1.0422315      0.99649971       15.681961        11.78544       8.6938626      0.74981466       1.5019537       1.6241887      0.99097238      0.99311463   2.0844875e-09       67.987679      0.80930342      0.30926813      0.82170954      0.01060323       13.742653       11030.538       6.4099457        6.4099457       11030.538                               10602.032                 23.034464                 396.16109                      9.3102669
              1       5521.2795       3.0356801       3.0566032      0.96786879     0.022404377      0.11990452     0.054876303       1.0422315      0.99612468       15.792187       12.766115       8.5555574      0.71871986        1.416997       1.5436165       0.9948177      0.99626633   2.0815129e-09       67.987679      0.80895044      0.30926813      0.82135115      0.01060323       13.742653       11030.178       6.1906878        6.1906878       11030.178                               10601.686                 22.837762                 396.17008                      9.4835738
              2       5521.8239        3.034702       3.0402019      0.96598056      0.02240491       0.1205659     0.053616488       1.0421986      0.99663643        16.22172       12.622254        8.962344      0.76020961       1.4710306       1.4092769      0.99027411      0.99037268   2.0794779e-09        67.55495      0.81064343      0.31469197       0.8302561     -0.00579812       13.763237       11030.394       6.6267323        6.6267323       11030.394                               10602.077                 23.080905                 395.98481                      9.2510827
              2       5524.1001       3.0348806       3.0167862       0.9646174     0.022097391      0.12096174     0.053372487       1.0422725      0.99679868       16.431886       13.083528       8.8473474      0.82795277       1.1902934       1.3404868      0.99321354      0.99904157   2.0798493e-09       66.918812      0.81371391      0.32089232      0.84157102    -0.029213769       13.817819        11036.52       5.8400014        5.8400014        11036.52                               10607.947                 23.186799                 396.03134                      9.3551831
              3       5523.1728       3.0334942       3.0229767      0.96559002      0.02206489      0.12006796     0.051562546        1.042308       0.9981704        17.52437       12.104033       8.5469741      0.89312902       1.0590741       1.2920197        0.994266       1.0040768    2.076968e-09       67.285745      0.81049035       0.3153582      0.83097753    -0.023023326       13.810056       11035.745       5.3005433        5.3005433       11035.745                                 10607.6                 23.028975                 395.81222                      9.3033551
              1       5520.0357        3.032828       3.0168984      0.96459032     0.022050508      0.12017661     0.051268635       1.0422055       0.9979265       17.169856       11.824706       8.3317954      0.91376852       1.1080452       1.3581287      0.99393636       1.0041138   2.0755847e-09       67.131867       0.8104385       0.3170126      0.83310108    -0.029101646       13.821316       11029.276       5.3976625        5.3976625       11029.276                               10601.038                 23.218204                 395.79569                      9.2243511
              4       5516.8477       3.0329994       3.0327353      0.96516387     0.022103235      0.12003556      0.05164899       1.0421357      0.99776361       17.253363       11.872108       8.4028301      0.88936415       1.1311947       1.3596622      0.99474604        1.004164   2.0759404e-09       67.383548      0.80940576      0.31445992      0.82868278    -0.013264722       13.801091       11022.875       5.4100831        5.4100831       11022.875                               10594.635                 23.159973                 395.81299                      9.2669075
              1        5515.374        3.034534       3.0327353      0.96564676     0.022103235      0.12003556      0.05164899       1.0421357      0.99839918       17.576994       12.160107       8.8469582      0.95874656       1.2695521       1.3731363       0.9920465       1.0055906   2.0791288e-09       67.383548      0.81017482      0.31445992      0.82947016    -0.013264722       13.801091       11019.822         5.46283          5.46283       11019.822                               10591.727                  23.07709                 395.79978                      9.2186463
              1       5514.1224       3.0353748       3.0344707      0.96639008     0.022196944      0.11999904     0.052686771       1.0421898      0.99790631        17.28779       11.816394       8.4717328      0.92087566       1.3636631       1.4469835        0.990331       1.0010402   2.0808776e-09       67.511685      0.81021973      0.31339346      0.82810833     -0.01152932       13.788081       11017.027       5.6087935        5.6087935       11017.027                                10588.95                 22.977072                  395.8635                      9.2361738
              1       5519.9606       3.0370135       3.1309279      0.97037539     0.022251549      0.11978708     0.052687087       1.0421486       0.9984098       18.440453       13.589711       10.049804      0.66466211       1.1544884       1.2198044      0.99661761       1.0015524   2.0842903e-09       68.742538      0.80819648      0.30194136      0.81080727     0.084927851        13.68337       11029.808       5.0568044        5.0568044       11029.808                               10601.256                 22.499177                 395.80617                      10.246633
              1       5518.5029       3.0365088       3.1407177      0.97118006     0.022311452      0.11942058     0.051866192       1.0421742      0.99899021       18.454912       13.118793        10.01298      0.67542383       1.0644436        1.085993      0.99768572       1.0013933   2.0832385e-09       69.046392      0.80646446      0.29864657      0.80464325     0.094717655       13.665001       11027.199       4.9033141        4.9033141       11027.199                                 10598.4                 22.412969                  395.7126                      10.673738
              1       5514.6594       3.0373428       3.1407177      0.97081939     0.022311452      0.11942058     0.051866192       1.0421742       1.0002745       18.603927        13.55112       10.147512      0.71569621       1.1038734       1.1070918      0.99841436       1.0020543   2.0849767e-09       69.046392      0.80668823      0.29864657      0.80486652     0.094717655       13.665001       11019.669       4.8249532        4.8249532       11019.669                               10590.562                 22.367693                 395.72433                      11.014807
              2        5514.322       3.0370775       3.1357314      0.97013415     0.022319517      0.11970654     0.051511755       1.0421584       1.0001184       19.107095       14.388093       10.447954      0.72677571       1.2158822       1.0356154      0.99835642      0.99971358   2.0844237e-09       68.887436      0.80744725      0.30064601      0.80831615     0.089731445        13.67102       11019.043       4.8002919        4.8002919       11019.043                               10590.244                 22.485641                 395.70945                      10.604434
              1       5513.0875       3.0364145       3.1562012      0.96990819     0.022377809      0.11968221     0.051223591       1.0419572      0.99979609       19.106747       14.187087       10.251912      0.68863054       1.2950873      0.96730733      0.99826526      0.99867438   2.0830422e-09       69.116193       0.8059734      0.29873028      0.80426598      0.11020116       13.650131        11016.55       4.8124135        4.8124135        11016.55                               10587.376                 22.608956                 395.72907                      10.836658
              1       5507.4727       3.0341016       3.1067072      0.96574076     0.022200302        0.120176     0.049893911       1.0417491      0.99930171       18.397636       13.633826       9.8760833      0.86015007       1.3868708       1.3230094      0.99350228      0.99553069   2.0782298e-09       68.144846      0.80748098      0.30798836       0.8181611     0.060707165       13.726901       11004.675       5.1352384        5.1352384       11004.675                               10576.208                 23.255517                 395.70933                      9.5024532
              2       5506.5134       3.0339297       3.0942955      0.96559969     0.022218008      0.12001404     0.050016539       1.0417741      0.99935222       18.510122       13.277548       9.8890981       0.8718729       1.2345326        1.252236      0.99331235       0.9944877   2.0778726e-09       68.080485      0.80714862      0.30825972      0.81818454     0.048295497       13.736485       11002.638       5.1943747        5.1943747       11002.638                               10574.171                 23.252564                 395.73663                      9.4783355
             10        5505.369       3.0345316       3.0911124      0.96596365     0.022191718      0.11990696     0.050813273       1.0418127      0.99926756       18.933608       13.262697        10.03274      0.94992582       1.4045971       1.3194626      0.99896298      0.99831727   2.0791238e-09       68.072329      0.80738718      0.30804577       0.8181423     0.045112412       13.740807       11001.043       4.8477065        4.8477065       11001.043                               10572.617                 23.144002                 395.71154                      9.5696825
              1       5506.3556       3.0316516       3.0499918      0.96132323     0.022413738      0.12078758     0.049605404       1.0414541      0.99774745       16.456776       12.487722       8.7647712      0.78333469       1.2762538       1.1721426      0.99407549      0.99060742   2.0731444e-09       67.349276       0.8076793      0.31712646      0.83041381    0.0039918017       13.775313       11001.096       5.8077742        5.8077742       11001.096                               10572.435                 24.140542                 395.66611                      8.8535605
              1       5507.5392       3.0335335       3.1496517      0.96531725     0.022461898      0.12032701      0.05082201       1.0412835      0.99715753       17.210177       14.169405       9.9106719      0.82645252       1.1814915       1.1631538        1.000796      0.99982942   2.0770496e-09       68.652746      0.80481185      0.30432358      0.81059055      0.10365168       13.671157       11004.209       5.4349373        5.4349373       11004.209                               10575.288                 23.653757                 395.71512                      9.5520711
              5        5505.539       3.0311584       3.1496517      0.96788026     0.022461898      0.12032701      0.05082201       1.0412835       0.9967819       17.703615       13.782146       9.5933861      0.62520818       1.2286157       1.0463938      0.99655672      0.99291577   2.0721223e-09       68.652746      0.80464953      0.30432358      0.81042707      0.10365168       13.671157        10999.23       5.9239624        5.9239624        10999.23                               10570.462                 22.980364                 395.72179                      10.065419
              8       5507.1453        3.029035       3.1747538      0.96700168     0.022474576      0.11994668      0.04949984       1.0409048      0.99669189       17.472037       14.006178       9.6931394      0.59172361       1.2700171       1.0373865      0.99674681      0.99726835    2.067727e-09       68.962686      0.80108006      0.30082122      0.80217576      0.12875384       13.653863       11002.789        5.750968         5.750968       11002.789                               10573.367                 23.270858                 395.67781                      10.473021
              4       5508.1979       3.0287614       3.1584503      0.96611575     0.022513705      0.12004407     0.049837093       1.0408606      0.99628155       17.318071       13.454434       9.4543925      0.58955521       1.4346625       1.0579253        0.991507      0.99613878   2.0671613e-09       68.755727      0.80133421      0.30292371      0.80522953      0.11245031       13.668308       11003.743       6.3266039        6.3266039       11003.743                               10574.503                 23.415874                 395.68978                      10.133481
              2         5503.66       3.0277588        3.134094      0.96387618     0.022354226      0.12025426     0.049579189        1.040711      0.99632172       17.622039        13.50362       9.5508802       0.6356724       1.2794771      0.92235516      0.99404937       1.0000554   2.0650898e-09       68.214158      0.80221034      0.30786175      0.81265366     0.088093992       13.714524       10995.231       6.0447013        6.0447013       10995.231                               10566.173                 23.707529                 395.69952                      9.6503032
              1        5501.461       3.0274556        3.134094      0.96244283     0.022354226      0.12025426     0.049579189        1.040711      0.99595042       17.978487       13.793149       10.471098      0.77753655       1.2429972       1.2717535      0.99358894       1.0002542   2.0644637e-09       68.214158      0.80165026      0.30786175      0.81208629     0.088093992       13.714524       10990.316       6.3030113        6.3030113       10990.316                               10560.994                 24.077149                 395.67047                      9.5741721
              5       5501.8647       3.0286015       3.1247087      0.96269752     0.022357334      0.12028038      0.05125298        1.040759      0.99556043       18.825815       13.528585        10.11455      0.87249409       1.1905778        1.140866      0.99544553       1.0081126   2.0668308e-09       68.114611       0.8025836      0.30882528      0.81430307     0.078708692       13.722528        10990.14       6.7948244        6.7948244        10990.14                               10560.794                 23.936825                 395.78965                      9.6196832
              1       5501.0117        3.029473       3.1247087      0.96406186     0.022357334      0.12028038      0.05125298        1.040759      0.99568693       19.119555       13.677436       10.567037      0.83545547        1.251654        1.147131      0.99617261       1.0069679   2.0686328e-09       68.114611      0.80335092      0.30882528       0.8150816     0.078708692       13.722528       10988.845       6.5894633        6.5894633       10988.845                               10559.925                 23.670879                 395.77032                      9.4784448
              1       5498.3263       3.0255816       3.1247087      0.96792038     0.022357334      0.12028038      0.05125298        1.040759      0.99585966       18.897703       13.208951         10.5394      0.68216337       1.1689461       1.1259864      0.99109581      0.99676524   2.0605986e-09       68.114611      0.80297077      0.30882528       0.8146959     0.078708692       13.722528       10983.442       6.6053896        6.6053896       10983.442                               10554.493                 22.557394                 395.70028                      10.690956
              4       5500.4583       3.0258687       3.1309441      0.96826498     0.022331058      0.12028723     0.051321581       1.0407794      0.99594032       18.516034       12.753704       10.204604      0.84647494       1.3494262       1.2550245      0.99692018      0.99590813   2.0611903e-09       68.169691      0.80315793      0.30828461      0.81417216      0.08494413       13.718185       10988.447       6.2348781        6.2348781       10988.447                               10559.406                 22.500246                 395.73633                      10.804197
              7       5494.9457       3.0299608       3.1309441      0.96632595     0.022331058      0.12028723     0.051321581       1.0407794      0.99704241       18.765809       13.184074       10.276507      0.83944123       1.2166869        1.184979       0.9992277      0.99694329   2.0696422e-09       68.169691      0.80420677      0.30828461      0.81523539      0.08494413       13.718185       10978.822       5.5347395        5.5347395       10978.822                               10550.061                 23.012862                 395.74835                      9.9996105
              1       5494.1095       3.0283591       3.0827639      0.96298376     0.022215418      0.12060549     0.050903591       1.0406263      0.99644922       18.230079       12.747331        9.879803       0.8681901       1.2488423        1.290766      0.99736657      0.99759192   2.0663298e-09       67.351633      0.80534889      0.31626566      0.82689328     0.036763906       13.785357       10976.504       5.8575677        5.8575677       10976.504                               10548.018                 23.535988                 395.75487                      9.1948617
              8       5496.0154       3.0278861       3.0873721      0.96276492     0.022119602       0.1207743     0.049561546       1.0406646      0.99698346       18.199717       12.766151       9.6787222      0.94227855       1.1563258       1.2606532       1.0035845      0.99849417   2.0653528e-09         67.2797      0.80593961      0.31710357      0.82859525     0.041372071       13.789803       10980.853       5.5887934        5.5887934       10980.853                               10552.393                 23.588455                 395.72893                       9.142683
              2       5496.1911       3.0276678        3.087755      0.96227481     0.022113901      0.12099773     0.049239073       1.0406324      0.99691425        17.77157       12.942956       9.6771909      0.92025259       1.1773491       1.2595732       1.0011588       0.9996229    2.064902e-09       67.190818      0.80640904      0.31842534      0.83080399     0.041755021       13.791856       10981.273       5.5544254        5.5544254       10981.273                               10552.782                 23.691323                 395.71869                      9.0812126
              1       5495.0189       3.0283871        3.087755      0.96261052     0.022113901      0.12099773     0.049239073       1.0406324      0.99723221       17.779481        12.76224       9.2909151      0.88942235       1.2403178       1.1970674      0.99787473      0.99890633   2.0663877e-09       67.190818      0.80680108      0.31842534      0.83120789     0.041755021       13.791856       10979.184       5.4266719        5.4266719       10979.184                               10550.777                 23.621652                 395.72072                      9.0650622
              3       5496.0991       3.0283162       3.1039523       0.9628086     0.022163301      0.12104943     0.049165326       1.0405514      0.99690371       17.445844       11.796741       8.8269943      0.79887151        1.386572         1.33288      0.99977193      0.99838585   2.0662413e-09       67.373783       0.8062501      0.31692093      0.82867573     0.057952252       13.772782       10981.067       5.5655037        5.5655037       10981.067                               10552.621                 23.674466                 395.70832                       9.063614
             13       5495.7374       3.0287229        3.092403      0.96166872     0.022091107      0.12199681     0.048604937        1.040664      0.99713064       17.343017       12.041122       8.6834259      0.80212072       1.6081599       1.4805298      0.99777747        0.996372   2.0670817e-09       66.890075      0.80983547      0.32347711      0.84092632     0.046403034       13.792414       10980.406       5.5344217        5.5344217       10980.406                                10551.76                 23.804632                 395.72617                      9.1154155
              2       5494.4726       3.0290533       3.0856348      0.96186702     0.022069132      0.12193299     0.048925673       1.0407288      0.99721201       18.015269       12.262961       9.2175826      0.83242035       1.4107861       1.3850481       1.0002884      0.99750518   2.0677648e-09       66.837656       0.8101577      0.32379265      0.84167113     0.039634792       13.799426       10978.068       5.4386199        5.4386199       10978.068                               10549.458                 23.723085                 395.74029                      9.1462423
              1       5497.2674        3.029065       3.0904977      0.96202453     0.022059474      0.12188581      0.04890541       1.0407141      0.99712207       18.137123       12.038605       9.2007341      0.73307468       1.5246059       1.4747066      0.99992102      0.99693609   2.0677889e-09        66.89705      0.80994619      0.32309093      0.84053911     0.044497706       13.795634       10983.545       5.4948205        5.4948205       10983.545                               10554.962                 23.720923                 395.73036                      9.1314249
              1       5499.2241       3.0287191       3.1158814      0.96192835     0.022173886      0.12202029     0.048924785       1.0405089      0.99654805       19.054581        12.47284       9.8641152       1.0604422       1.5272134        1.566186       1.0086193       0.9981444   2.0670739e-09       67.168887      0.80883078      0.32103274      0.83670373     0.069881401       13.764639       10986.194       6.1272104        6.1272104       10986.194                               10557.556                 23.869143                 395.72939                      9.0392355
              4       5496.7449        3.028776       3.1183048      0.96207544     0.022172816      0.12197187     0.048995452       1.0405048      0.99638828       18.610496        12.43481       9.6578374      0.97456395       1.4397073       1.5640837       1.0080264       1.0008573   2.0671915e-09       67.211287      0.80867493      0.32051828      0.83587196     0.072304785       13.762187       10981.181       6.1546045        6.1546045       10981.181                               10552.567                 23.869128                 395.71552                      9.0286395
              2       5498.3728       3.0277699       3.1433368      0.96197288      0.02216327      0.12196046     0.047635598       1.0403562      0.99646847       19.640214       13.200616       10.062172      0.98420288       1.4898675       1.3795619       1.0056916       1.0006973   2.0651127e-09       67.445884      0.80737992      0.31824637      0.83157045     0.097336816       13.741872       10984.851       5.9473937        5.9473937       10984.851                                10556.07                  24.02643                 395.77322                      8.9808947
              5        5500.654       3.0271861       3.1433368      0.96083382      0.02216327      0.12196046     0.047635598       1.0403562      0.99589166       19.831433       12.745478       9.7805127      0.96611803       1.5710464       1.3677177       1.0049414       1.0014282   2.0639074e-09       67.445884      0.80679642      0.31824637      0.83096947     0.097336816       13.741872       10988.772       6.2678145        6.2678145       10988.772                               10559.768                 24.348422                 395.73219                      8.9237406
              3       5497.9872       3.0289359        3.122543      0.96103886     0.022150819      0.12221683     0.049673955       1.0405166      0.99533074       18.668389       12.947992       9.3798958      0.99798632       1.6791546       1.5987249       1.0005509      0.99517668    2.067522e-09       67.161154       0.8091831      0.32149128      0.83766577      0.07654296       13.760673        10982.68       6.6472515        6.6472515        10982.68                               10553.793                 24.179103                  395.6937                      9.0144256
              2       5498.0667       3.0280485       3.0691457      0.95870941     0.022066505      0.12261195     0.048934739       1.0406185      0.99534427       17.932418       11.886288       8.4868034      0.99620364        1.598122       1.6269262      0.99346076      0.99242536   2.0656881e-09       66.376307      0.81131793      0.32984443      0.85071683     0.023145663       13.822652       10982.093        7.020007         7.020007       10982.093                               10552.391                 24.536058                 395.73146                      9.4346383
              1       5498.2214       3.0279434       3.0707006      0.95891722     0.022084832      0.12249454     0.048827214       1.0406225      0.99559744       18.206746       12.120563       9.0678554       1.0039188       1.4621814       1.6004903      0.99447784      0.98959522    2.065471e-09       66.450673      0.81085701      0.32888218      0.84899243     0.024700567       13.818628       10982.384       7.0296228        7.0296228       10982.384                               10552.876                 24.476696                 395.70426                      9.3267495
              1        5498.368        3.029298        3.071567      0.96040143     0.022068028      0.12258219     0.049002448       1.0409083      0.99618725       18.013712       12.450036       9.3009283      0.97092317       1.5175771       1.6055244      0.99000329      0.99367805   2.0682707e-09       66.511989      0.81245407      0.32843623      0.85008767     0.025566952       13.811204       10983.441       6.6477233        6.6477233       10983.441                               10554.161                 24.108692                   395.722                      9.4488611
              3       5496.7926       3.0292348       3.0797501      0.96086692      0.02202683      0.12238352     0.048733437       1.0409114      0.99650631       18.272816       12.707324        9.523615       1.0040605       1.4814564       1.5709036      0.99201762      0.99728498   2.0681402e-09       66.641089      0.81188296      0.32662483      0.84714431     0.033750141       13.806061       10981.351       6.1171708        6.1171708       10981.351                               10552.291                 24.018273                  395.7053                      9.3367764
              1        5497.186       3.0288533       3.0797501      0.96017388      0.02202683      0.12238352     0.048733437       1.0409114      0.99624307       18.863891       13.103853       10.019153      0.97130547       1.2332587       1.3842075      0.99851462       1.0044127   2.0673513e-09       66.641089      0.81151751      0.32662483      0.84676299     0.033750141       13.806061       10982.326       6.0228091        6.0228091       10982.326                               10553.125                 24.196312                  395.7056                      9.2991449
              2       5498.6658       3.0297239       3.0934616      0.96156151      0.02194966      0.12201062     0.049409532       1.0409723      0.99657782       18.977153       12.962213       10.295033      0.82443995       1.2631901       1.3628706      0.99454129      0.99998139    2.069152e-09       66.883804      0.81109456      0.32325245      0.84194122     0.047461647       13.796414       10985.589       5.8711511        5.8711511       10985.589                               10556.754                 23.875889                 395.74919                      9.2106295
              4       5502.1743       3.0315938       3.0854044      0.96301307     0.022027465      0.12179822     0.051670413       1.0411442      0.99627728       18.817288       13.276505       9.7109801      0.82872673       1.4185352       1.2847139        1.007755      0.99949153   2.0730246e-09       66.985819      0.81168116      0.32196865      0.84087538     0.039404425       13.790915       10991.957       6.1959355        6.1959355       10991.957                               10563.357                 23.510761                 395.84091                      9.2479482
              1       5500.8853       3.0328451       3.0854044      0.96415756     0.022027465      0.12179822     0.051670413       1.0411442      0.99690465       19.032849       13.052193       10.074065      0.76247323       1.3658346       1.1303377       1.0030334      0.99919098   2.0756202e-09       66.985819      0.81253908      0.32196865      0.84176416     0.039404425       13.790915       10990.569        5.601029         5.601029       10990.569                               10562.201                 23.260575                  395.8172                      9.2896368
              3       5499.4248       3.0329736       3.0864943      0.96425376     0.022027693      0.12180931     0.051775835       1.0411514      0.99644047       19.092756       12.790624       9.7698151      0.85167669       1.3589042       1.1899823       1.0012266      0.99957535    2.075887e-09       66.997167      0.81263087      0.32188481      0.84174961     0.040494307       13.789594       10987.235       5.8072996        5.8072996       10987.235                               10558.787                 23.307635                  395.8593                      9.2815595
              2       5498.3623       3.0322752       3.1403036      0.96453715     0.022106216      0.12187433     0.051156275        1.040822      0.99601179       18.695969       13.859722       10.202009      0.84771566       1.3336824         1.17657       1.0016303      0.99826367   2.0744377e-09        67.54993      0.81047016      0.31695295      0.83305524     0.094303561       13.736475       10984.553        6.086084         6.086084       10984.553                               10556.112                 23.454513                  395.8121                      9.1735284
              1       5499.7507       3.0311869       3.1403036      0.96297038     0.022106216      0.12187433     0.051156275        1.040822      0.99533621       18.905186       13.082797       10.090934      0.82309875       1.5030211        1.289593       1.0011476       0.9977364   2.0721813e-09        67.54993       0.8095478      0.31695295      0.83210719     0.094303561       13.736475       10986.386       6.5575304        6.5575304       10986.386                               10557.621                 23.829521                 395.81155                      9.1245616
              2       5501.2012       3.0304964       3.0898558      0.96126671     0.022061612      0.12216273     0.050355234        1.040992      0.99666448       18.463439       13.709185       10.203801      0.89665511       1.2670452       1.1849592        1.003932      0.99649582   2.0707509e-09       66.888805      0.81146654      0.32379432      0.84303305     0.043855842       13.788858       10990.774       5.8140122        5.8140122       10990.774                               10561.903                 23.875509                 395.79543                      9.1999151
              6       5500.9485       3.0302147       3.0744881      0.96013746     0.022146517      0.12239395     0.050863684       1.0409069      0.99601759       18.016926       13.391387       9.8332328      0.89080211       1.2374394       1.1903257       1.0022988      0.99503676   2.0701677e-09       66.674282      0.81173872      0.32659238      0.84695173     0.028488135       13.799584        10989.49       6.2036116        6.2036116        10989.49                               10560.402                 24.101409                 395.77463                      9.2118328
              2       5499.8425       3.0342086       3.0744881      0.95758761     0.022146517      0.12239395     0.050863684       1.0409069      0.99622103       17.644306       13.317722       9.6256683      0.87478254       1.3120911       1.3175953       1.0013632      0.99612551   2.0784522e-09       66.674282      0.81258565      0.32659238      0.84783539     0.028488135       13.799584       10987.661        6.012056         6.012056       10987.661                               10557.451                 25.054073                 395.80464                      9.3511558
              2       5498.6865        3.034222       3.0744881      0.95826922     0.022146517      0.12239395     0.050863684       1.0409069      0.99635836       17.507052       12.811239       9.5524032      0.82387272       1.3047112       1.3590164       1.0000316      0.99654437   2.0784801e-09       66.674282      0.81279827      0.32659238      0.84805724     0.028488135       13.799584       10985.561       5.9058907        5.9058907       10985.561                               10555.534                 24.851934                 395.80925                      9.3659568
              1       5498.4593       3.0346812       3.1005117      0.96044696     0.022277659      0.12178496     0.051157154       1.0409516      0.99768995       17.899081       13.017732       9.8990063      0.87401092       1.3949753        1.398371       1.0012215      0.99707724   2.0794347e-09       67.307451      0.81047642      0.31942192      0.83630004     0.054511675        13.75584       10986.394       5.2623343        5.2623343       10986.394                               10557.384                  24.30063                 395.78261                      8.9265297
              4       5497.9222       3.0343604       3.1126929      0.96109961     0.022322949      0.12152302     0.050650153       1.0409409       0.9980336       18.051553       12.956477       9.8752553      0.82572553       1.4082289       1.3299252       1.0006488      0.99715702   2.0787679e-09       67.573052      0.80913158      0.31644136      0.83100789     0.066692914       13.738047        10985.57       5.1371111        5.1371111        10985.57                               10556.701                 24.215862                  395.7388                      8.9143122
