#        weight    minuslogpost            logA             nnu              ns           ombh2           omch2             tau    theta_MC_100        A_planck         amp_143         amp_217     amp_143x217           n_143           n_217       n_143x217           calTE           calEE              As              H0          sigma8          omegam              S8      delta_neff             age       chi2__CMB   minuslogprior minuslogprior__0            chi2 chi2__planck_NPIPE_highl_CamSpec.TTTEEE chi2__planck_2018_lowl.TT chi2__planck_2018_lowl.EE chi2__planck_2018_lensing.clik
              3       5874.6752       3.0409879       3.3356163      0.96631223     0.022339797      0.11800752     0.047243653       1.0408273       1.0020085        8.000805       19.928976       7.2092157      0.23343971      0.95477887      0.33288034      0.99441189       1.0126752   2.0925906e-09       71.413354      0.79439684      0.27646247      0.76259679      0.28961627       13.498173       11737.216       6.0674264        6.0674264       11737.216                               11303.893                  24.54861                 395.85296                       12.92065
              2       5850.3136       3.0378226       3.3356163      0.97015907     0.022339797      0.11800752     0.047243653       1.0408273       1.0017892       7.5483458       19.606865       7.1898852      0.17790843       1.1158508      0.57148411      0.99003806       1.0105022   2.0859773e-09       71.413354      0.79435268      0.27646247      0.76255439      0.28961627       13.498173       11688.449        6.089042         6.089042       11688.449                               11254.737                 23.425607                  395.9025                      14.383807
              1       5804.7156       3.0379667       3.3233676      0.96974788     0.022294142      0.11815178     0.047345436       1.0408776       1.0017565       8.3845376       18.782152       7.4188085      0.45928192       1.7634587       1.3272192      0.99048849       1.0122207   2.0862781e-09       71.194415      0.79542835      0.27835998      0.76620298      0.27736759        13.51414       11596.969       6.2311458        6.2311458       11596.969                                11163.85                 23.452775                 395.89421                      13.771817
              1       5742.5987       3.0398121       3.3134156      0.97218544     0.022338761      0.11799752     0.047716003       1.0413537       1.0027914       10.269638       18.730803       7.7123503      0.62358229       1.5193266       1.0309163      0.99654191        1.023136   2.0901316e-09       71.336407      0.79688561      0.27703751      0.76578111      0.26741556       13.504999       11468.908       8.1447619        8.1447619       11468.908                                11035.92                 22.926693                 395.84089                      14.219854
              3       5666.0883       3.0382527       3.3134156      0.97512276     0.022338761      0.11799752     0.047716003       1.0413537       1.0032716       12.757353       18.590681       9.3196727      0.45827378       1.5070671       1.0864937      0.98914877       1.0167199   2.0868748e-09       71.336407      0.79719549      0.27703751      0.76607889      0.26741556       13.504999        11316.92        7.628065         7.628065        11316.92                               10883.302                 22.202369                  395.9201                      15.495567
              2       5654.0072       3.0382174       3.3134156      0.97512215     0.022338761      0.11799752     0.047716003       1.0413537       1.0039837       12.698761       18.216156        9.197747      0.54869065       1.4140502       1.1297781      0.98959115       1.0156025   2.0868011e-09       71.336407      0.79718122      0.27703751      0.76606518      0.26741556       13.504999       11292.387        7.813735         7.813735       11292.387                               10858.193                 22.113002                 395.89923                      16.181986
              1       5651.2205       3.0396981       3.3239638      0.97651268     0.022337488      0.11779961     0.049346169       1.0414187       1.0037999       13.107083       18.434643       9.5013144      0.54097213       1.4661637       1.1667611      0.99185585       1.0154051   2.0898934e-09       71.555776      0.79722111      0.27495248      0.76321514      0.27796375       13.491681       11287.524       7.4586081        7.4586081       11287.524                               10852.514                 21.885013                 395.77658                      17.347938
              1       5652.9057       3.0396915       3.3239638      0.97646433     0.022337488      0.11779961     0.049346169       1.0414187        1.003782       12.434119       17.354954       8.5653498      0.62356278       1.2603189        1.126166      0.99626363       1.0254308   2.0898794e-09       71.555776      0.79720305      0.27495248      0.76319786      0.27796375       13.491681       11287.345       9.2329908        9.2329908       11287.345                               10852.346                 21.894687                 395.76822                      17.336404
              1       5636.8262       3.0402878       3.3196576      0.97657746     0.022298637      0.11812947     0.049232323       1.0415547       1.0037124       12.648646        17.05013       8.4284975      0.62649925       1.4072729       1.2758993      0.99762671        1.021915    2.091126e-09       71.396482      0.79907988      0.27675164      0.76749343       0.2736576       13.497481       11257.018        8.317316         8.317316       11257.018                               10823.061                 21.877241                 395.77108                      16.308861
              5       5623.8335       3.0404451       3.3173681      0.97696771     0.022303956      0.11798366     0.049327483       1.0416094       1.0035251       12.807871       16.305391       8.1784442      0.79196934       1.4093149       1.3070194       1.0069482       1.0254253   2.0914551e-09       71.446991      0.79883861      0.27608526      0.76633741      0.27136807       13.496915       11229.161       9.2529622        9.2529622       11229.161                               10795.279                 21.853219                 395.76612                      16.262656
              1       5598.0813       3.0405193       3.3162958      0.97685073     0.022311879      0.11807239     0.049417153       1.0416088       1.0033015       14.257498       15.604065       8.6948815      0.83096701       1.3921925        1.212224       1.0100992       1.0305725   2.0916101e-09       71.407893        0.799148      0.27657722      0.76731695      0.27029576       13.497674       11174.481       10.840586        10.840586       11174.481                               10740.879                 21.882843                  395.7645                      15.955021
              4       5591.9191       3.0404157       3.3059671      0.97632008     0.022284947      0.11816205      0.04946034       1.0416097        1.003199       13.890052       15.039473       8.2882958         0.87289       1.4868593       1.2983253       1.0062062       1.0265562   2.0913935e-09       71.230436      0.79970887      0.27808065      0.76993962      0.25996707       13.511066       11165.193        9.322699         9.322699       11165.193                               10732.075                 21.934643                 395.75887                      15.424367
              1       5564.6203       3.0381626       3.3059671       0.9813024     0.022284947      0.11816205      0.04946034       1.0416097       1.0033112       14.019792       12.847672       7.2511511      0.81787711       1.4266001       1.4157641      0.99470401       1.0176572   2.0866867e-09       71.230436      0.80039622      0.27808065      0.77060138      0.25996707       13.511066       11114.518       7.3614947        7.3614947       11114.518                               10680.797                 21.073181                 395.78825                      16.859179
              1       5555.0665       3.0342848       3.3059671      0.98145965     0.022284947      0.11816205      0.04946034       1.0416097       1.0014019        14.03654       12.701743       7.5970801      0.76429625       1.5264785       1.6127758      0.99891472        1.017227   2.0786107e-09       71.230436        0.798896      0.27808065      0.76915701      0.25996707       13.511066       11097.269       6.4322224        6.4322224       11097.269                               10662.786                 21.050137                 395.78722                      17.644925
              2       5533.2837       3.0354615       3.2439298      0.97976348     0.022275421        0.119276     0.050020629        1.041975       1.0003027       14.596907       12.402674       7.5286046      0.90365311       1.7174865       1.9314665      0.99797912       1.0047528   2.0810579e-09       70.210238      0.80504271      0.28846117      0.78940883      0.19792985       13.568973       11056.716       4.9259521        4.9259521       11056.716                               10626.335                  21.19531                 395.73413                      13.450789
              1        5519.422       3.0346529       3.2182428      0.97770888     0.022258049      0.11965211     0.049895471       1.0418731      0.99971677        15.86887       12.196805       8.4070533       1.1630459       1.6671403       2.1330238       1.0032621       1.0060435    2.079376e-09       69.723885      0.80614309      0.29323741      0.79700528       0.1722428        13.60136       11028.789       5.0274963        5.0274963       11028.789                               10599.426                 21.419673                 395.74589                      12.197033
              2       5516.8333         3.03535       3.2182428      0.97630834     0.022258049      0.11965211     0.049895471       1.0418731       1.0003529       16.445641       12.145348       8.7243213       1.1337616       1.5801074       2.0184005      0.99960014       1.0055663    2.080826e-09       69.723885      0.80598167      0.29323741      0.79684569       0.1722428        13.60136       11023.765       4.9509373        4.9509373       11023.765                               10594.129                 21.596336                 395.74972                      12.289408
              2       5515.7126       3.0349293       3.2284583      0.97654557      0.02238371      0.11951165     0.049736635       1.0417942       1.0011153       16.486316       12.125296       8.8650844       1.1143213       1.6515953       2.0169066      0.99886401       1.0026532   2.0799508e-09       69.972966      0.80448264      0.29112323      0.79249126      0.18245832        13.58027       11021.572       4.9264208        4.9264208       11021.572                               10590.983                 21.526448                 395.74956                       13.31376
              4        5514.373       3.0346752       3.2284583      0.97673398      0.02238371      0.11951165     0.049736635       1.0417942       1.0003444       16.592892       11.370021       8.7163446      0.96130264       1.7385329        2.025506      0.99891281       1.0054432   2.0794223e-09       69.972966      0.80443998      0.29112323      0.79244924      0.18245832        13.58027       11018.848       4.9487965        4.9487965       11018.848                               10588.629                 21.566403                 395.76391                      12.889601
              2       5507.2596       3.0341622       3.1752683      0.97387156     0.022332112      0.12017393     0.049956944        1.041801      0.99959503       17.835055       11.073906       8.5727393       1.1116416       1.7201901       1.8224124      0.99748659       1.0009884   2.0783559e-09       69.072467       0.8074297      0.30004347       0.8074882      0.12926827       13.642038        11004.85       4.8348447        4.8348447        11004.85                               10576.294                 21.867625                 395.71447                      10.973063
              1       5506.9804       3.0346679       3.2251599      0.97585594     0.022528341      0.11996969     0.050252892       1.0417007      0.99946783          18.375       12.017224       9.0307377       1.1027675       1.8050555       1.8724106       1.0032236       1.0032869   2.0794072e-09       69.859591      0.80514005      0.29330383      0.79610375      0.17915989       13.574096       11004.133       4.9138858        4.9138858       11004.133                               10574.428                 21.721607                  395.7374                      12.245641
              1       5505.7817       3.0346558        3.225177      0.97583946     0.022528632      0.11997326     0.050245097       1.0416985      0.99925378       17.404212       11.002432        8.071452       1.2046482       1.7324004        2.066644       0.9998321       1.0041974   2.0793819e-09       69.858016      0.80513852      0.29332496      0.79613091      0.17917702        13.57413       11001.727       4.9180352        4.9180352       11001.727                               10572.136                 21.747672                  395.7374                      12.106453
              3       5507.8938       3.0361179       3.2224218      0.97453975     0.022461915      0.12148386     0.050708831       1.0417852      0.99830273       17.049856       10.910802       7.7492833       1.2608766       1.6958782       2.2075768      0.99901173      0.99899685   2.0824244e-09       69.261299      0.81087563      0.30141087      0.81278013      0.17642181       13.587566       11005.736       5.0256285        5.0256285       11005.736                               10577.531                 21.915328                 395.72728                      10.562525
              1       5510.8178       3.0362841       3.2400052      0.97516331     0.022455398      0.12133997      0.05083214       1.0417336      0.99833801       16.870673       11.618319       8.0228686       1.3236522       1.7128707       2.2677777       1.0002681       1.0080162   2.0827706e-09        69.49362      0.81011287      0.29908753      0.80887992      0.19400524       13.571461        11010.98       5.3278864        5.3278864        11010.98                               10582.485                 21.853214                 395.70922                      10.932245
              6       5510.0675       3.0363739       3.2372755      0.97510537     0.022456572      0.12134111     0.051047256       1.0417337      0.99883442       17.413535       11.065702       7.8399131       1.2803791       1.8611581       2.2113076       1.0051028       1.0016709   2.0829576e-09       69.462493      0.81021187      0.29936043      0.80934777      0.19127548       13.574083       11010.059       5.0380919        5.0380919       11010.059                               10581.339                 21.786672                  395.7396                      11.193481
              3       5508.4009       3.0348018       3.2073359      0.97442301      0.02257328      0.12102042     0.049594381       1.0418107      0.99886353       17.050594       10.288231       7.3555856       1.2166151        1.829984       2.0836057       1.0017948         1.00158   2.0796855e-09       69.352358      0.80876318      0.29988789      0.80861205      0.16133595       13.588965       11006.967       4.9171673        4.9171673       11006.967                               10578.647                 21.949477                 395.71316                      10.658217
              1       5511.3645       3.0331558       3.2073359      0.97648397      0.02257328      0.12102042     0.049594381       1.0418107      0.99865551       17.211292       10.592731       7.5905812       1.2331051       1.5937708       2.0830737       1.0065148       1.0020414   2.0762653e-09       69.352358      0.80874885      0.29988789      0.80859772      0.16133595       13.588965       11012.403       5.1629178        5.1629178       11012.403                                10583.96                 21.556461                 395.75428                      11.132341
              1       5511.9569       3.0331591       3.2051638       0.9764478     0.022568411      0.12099561     0.049662461        1.041813      0.99800566       17.276536       10.152314       7.8805151       1.1620247       1.5538998       2.0113322        1.004323      0.99969263    2.076272e-09       69.332496      0.80874273        0.299998      0.80874003      0.15916382       13.591463       11013.519       5.1973594        5.1973594       11013.519                               10585.331                 21.624053                  395.7483                      10.815952
              1       5511.2132       3.0324181       3.2095838      0.97566668     0.022539574      0.12112563     0.048989085       1.0416961      0.99790639       17.495429       10.663875        8.206222       1.2493289       1.5560976       2.0186795       1.0073051       1.0017938   2.0747341e-09       69.273777      0.80851574      0.30071764       0.8094822      0.16358383       13.593873       11011.589       5.4188259        5.4188259       11011.589                               10583.428                 21.755551                 395.77771                      10.627413
              1       5509.9779       3.0322567       3.2758094      0.97826253     0.022686552      0.12023682     0.049060905       1.0414611      0.99814368       17.505696       10.989159       8.7055582       1.1304097       1.7154834        2.034444       1.0047177       1.0014478   2.0743994e-09        70.40843      0.80342189      0.28960701      0.78938263      0.22980936       13.515899        11009.59       5.1826907        5.1826907        11009.59                               10579.393                 21.553231                 395.79079                      12.853326
              3       5509.3138       3.0308738       3.2758094      0.97735031     0.022686552      0.12023682     0.049060905       1.0414611      0.99718859       17.059461       10.757126       8.3340011       1.0728537       1.7266135       2.1113678        1.002186       1.0012486   2.0715325e-09        70.40843      0.80257664      0.28960701      0.78855215      0.22980936       13.515899       11007.729       5.4492642        5.4492642       11007.729                                10577.38                 21.720962                 395.76005                      12.868282
              1       5511.5852          3.0319       3.2712939      0.97774497      0.02266188      0.12025491     0.050300486       1.0415215      0.99718943       18.442232       10.217433        8.104936       1.1858074       1.7607375       2.0376182       1.0051041       1.0069433   2.0736594e-09       70.348833      0.80347041      0.29008459      0.79008095      0.22529391       13.521154       11011.593       5.7885083        5.7885083       11011.593                               10581.145                 21.595661                 395.72434                      13.128275
              2       5511.5531       3.0320004       3.2819171      0.97759579     0.022785764      0.12061638     0.050398818       1.0414614      0.99710753       18.038953       10.546894       8.2350355       1.2162615       1.7146804       2.2177524       1.0026151      0.99524657   2.0738676e-09       70.428129      0.80380546      0.29041025      0.79085396      0.23591712       13.501725       11011.903       5.6017331        5.6017331       11011.903                               10581.364                 21.627082                 395.71411                      13.197511
              5       5507.7578       3.0291989       3.2561927      0.97163266     0.022713445      0.12209399     0.048985253       1.0409267      0.99518634       15.766549       10.343498       7.0154612       1.2810449       1.6581335       2.3391818       1.0031287       1.0037832   2.0680659e-09       69.358735      0.80637183      0.30235577      0.80953168      0.21019265       13.556601       11001.997       6.7594727        6.7594727       11001.997                               10573.315                 22.562759                 395.74056                      10.378043
              3       5508.7337       3.0306562       3.2265244      0.97240275     0.022670351      0.12180403     0.050783323       1.0411623      0.99539176       16.163372       10.162957       7.1318653       1.3128024        1.708749       2.3484877       1.0048364       1.0024644   2.0710818e-09       69.160313      0.80750802      0.30339687      0.81206682      0.18052442       13.582425       11004.204       6.6314441        6.6314441       11004.204                               10575.708                 22.283276                  395.6904                      10.523074
              1       5511.4328       3.0305506       3.1855423      0.97183891     0.022631582      0.12201444     0.049850282       1.0414628      0.99609626       15.492289       10.475308       7.6274031       1.1484231       1.8961356       2.3999714      0.99871404      0.99851092   2.0708632e-09        68.68044      0.80962617      0.30801526      0.82037048      0.13954229       13.619538       11010.818       6.0237474        6.0237474       11010.818                               10582.881                  22.27772                 395.71769                      9.9418661
              1       5511.1453       3.0310023       3.1855423      0.97002831     0.022631582      0.12201444     0.049850282       1.0414628      0.99592469       15.408903       10.466539       7.1336232       1.2769598       1.7115407       2.3020799      0.99874617       1.0016352   2.0717988e-09        68.68044      0.80924173      0.30801526      0.81998094      0.13954229       13.619538        11010.02       6.1351339        6.1351339        11010.02                               10581.903                 22.665824                 395.70484                      9.7463162
              4       5505.3278       3.0304557       3.1648591      0.96963787      0.02245596      0.12140696     0.049964333       1.0414462      0.99633845       15.644386       10.706451       7.3164265       1.1238633       1.6506763       2.0932511      0.99688842       1.0035411   2.0706667e-09       68.499463      0.80821497      0.30797602      0.81888838       0.1188591       13.655998       10998.718       5.9689205        5.9689205       10998.718                               10570.547                 22.626083                 395.69737                      9.8471924
              3       5502.9542       3.0327665       3.1648591      0.97278489      0.02245596      0.12140696     0.049964333       1.0414462      0.99773986       16.420266       10.715888        7.464506       1.0722642       1.6232658       1.9686599      0.99815412       1.0039943   2.0754571e-09       68.499463      0.81013201      0.30797602      0.82083074       0.1188591       13.655998       10995.327       5.2907212        5.2907212       10995.327                                10567.72                 22.026323                  395.7236                      9.8573894
              1       5503.4874       3.0326003        3.210299      0.97522463     0.022535575      0.12060495     0.049344652       1.0414026      0.99856126       17.095096       10.618539       7.6957027       1.0672488       1.6125603       1.8752162       1.0011457       1.0075557   2.0751122e-09       69.363445      0.80642861      0.29885014      0.80488166      0.16429897       13.599947       10996.489       5.2428551        5.2428551       10996.489                               10567.956                 21.775196                 395.73003                       11.02762
              3       5503.0278       3.0325997       3.2105341      0.97522921     0.022535775      0.12060034     0.049354891       1.0414002      0.99915731       17.235192       11.091092       8.0284699        1.032986        1.584343        1.857178        1.000932       1.0066946   2.0751109e-09       69.367176      0.80640413      0.29880881      0.80480157      0.16453412       13.599741       10995.915       5.0704977        5.0704977       10995.915                                10567.11                 21.707954                 395.74491                      11.351559
              6       5499.1573       3.0303504       3.2376962      0.97285976     0.022629217      0.12135356     0.047253198       1.0409855      0.99844694       16.516777       10.572489       7.3949135       1.0526416       1.6961439       2.0050451      0.99751018       1.0013086   2.0704485e-09       69.353829      0.80570952      0.30068408      0.80662762      0.19169623       13.578596       10988.279        5.017772         5.017772       10988.279                               10559.527                 22.210609                 395.88228                      10.659526
              2       5502.6059       3.0302891       3.2431637      0.97321786     0.022583305      0.12107904     0.047290542         1.04096      0.99933229       16.261986       10.496565       7.1626744       1.1454238       1.8109738        2.030553       1.0035406       1.0031514   2.0703218e-09       69.467132      0.80488263      0.29904002       0.8035938      0.19716368       13.577232       10995.345       4.9332596        4.9332596       10995.345                               10566.016                  22.06535                 395.90126                      11.363057
              2        5502.716       3.0303948         3.24102       0.9733976     0.022575755      0.12103049     0.047290932       1.0410012      0.99957254        16.69548       10.341176       7.3613515      0.94756054       1.6857801       1.8600689       1.0004678       1.0009776   2.0705406e-09       69.467123       0.8049511      0.29892383      0.80350603      0.19501996       13.578708       10995.821       4.8057453        4.8057453       10995.821                               10566.415                 22.014796                 395.92855                      11.462184
              1        5502.402       3.0303629       3.2392853      0.97330424     0.022572717      0.12105343     0.047258701       1.0410038      0.99956706       16.590198        10.27585       7.3555919       0.9596145       1.6853562       1.8949804      0.99985218      0.99985954   2.0704746e-09       69.437099      0.80505278      0.29922367      0.80401046      0.19328533       13.580775       10995.203       4.8004572        4.8004572       10995.203                               10565.849                 22.025595                 395.92927                      11.399041
              1       5504.3953       3.0301858       3.2288143      0.97308731     0.022578532      0.12092675     0.047387128       1.0410091      0.99956566       16.353076       10.325586       7.3989091      0.94180975       1.8235024       1.7735112       1.0027643      0.99546751   2.0701078e-09       69.366988      0.80478243      0.29957765      0.80421573      0.18281427       13.590013       10998.908       4.9412701        4.9412701       10998.908                               10569.611                 22.036471                 395.90268                      11.358201
              2       5502.0479       3.0314946       3.2288143      0.97192246     0.022578532      0.12092675     0.047387128       1.0410091       0.9999637       16.440933       11.733672       8.0063955       1.0777561       1.6304643       1.8173748       1.0027459       1.0045463    2.072819e-09       69.366988      0.80494351      0.29957765       0.8043767      0.18281427       13.590013       10994.243       4.9264035        4.9264035       10994.243                               10564.999                 22.270043                 395.89911                      11.074555
              1       5502.3078        3.031038       3.2362453      0.97169819     0.022647368      0.12103638     0.046906187       1.0409427      0.99985593       16.610284       11.664128       7.8631707       1.0032803       1.5766146       1.6421952      0.99926434        1.003234   2.0718728e-09       69.450105      0.80448934      0.29923103      0.80345763       0.1902453       13.578142       10994.932       4.8419144        4.8419144       10994.932                               10565.589                 22.357536                 395.95308                      11.031881
              1       5500.8195       3.0327248       3.2362453      0.97574147     0.022647368      0.12103638     0.046906187       1.0409427       1.0013461       16.764313       10.584911       7.2444646       1.1654275       1.5732663       1.7252709      0.99705511      0.99821104   2.0753705e-09       69.450105      0.80644114      0.29923103      0.80540694       0.1902453       13.578142        10991.66       4.9895803        4.9895803        10991.66                               10562.887                  21.61106                 395.95262                      11.209122
              1        5502.225       3.0326947       3.2195209       0.9725508     0.022693528      0.12215519     0.048460824       1.0406274       0.9973015       14.438558       9.4061951       5.6856582       1.1898515        1.945736       2.3663618      0.99685183      0.99281705    2.075308e-09       68.793538      0.80916006      0.30743163      0.81912105       0.1735209       13.604371       10993.099       5.6753345        5.6753345       10993.099                               10565.605                 22.292718                 395.77758                      9.4244547
              1       5497.9308       3.0325831       3.1943181      0.97239926     0.022567656      0.12158121      0.04908106       1.0406649      0.99758237       15.205812       9.8433038       6.2198057       1.1600251       1.9705428       2.1913965      0.99727246      0.99642972   2.0750765e-09       68.609234      0.80846509      0.30759879      0.81863998      0.14831813        13.63883       10985.154       5.3537793        5.3537793       10985.154                               10557.704                 22.207754                 395.73784                      9.5046546
              2       5500.0813       3.0315958       3.1943181      0.97465368     0.022567656      0.12158121      0.04908106       1.0406649      0.99764461       15.439713       10.649384       6.5963383       1.0848723       1.7623178       2.0013755      0.99821519      0.99822829   2.0730288e-09       68.609234      0.80877093      0.30759879      0.81894968      0.14831813        13.63883       10989.641       5.2607067        5.2607067       10989.641                               10562.356                  21.76696                 395.74746                      9.7711564
              2       5498.4519       3.0308232       3.1943181      0.97475934     0.022567656      0.12158121      0.04908106       1.0406649      0.99738869       15.197899       9.8305302       6.1809382        1.014845       1.7982192       1.9720622      0.99635327      0.99600109   2.0714278e-09       68.609234      0.80849161      0.30759879      0.81866684      0.14831813        13.63883       10985.949       5.4772175        5.4772175       10985.949                               10558.593                 21.736182                 395.75966                      9.8610632
              4       5499.6216       3.0312199       3.1961894       0.9750818     0.022578311      0.12154543     0.049566566       1.0406795      0.99728877       15.773439         9.77593       7.0955632       1.0293085       1.7832061       2.1264747      0.99902898      0.99170778   2.0722496e-09       68.657413      0.80854987      0.30711393      0.81808031      0.15018945       13.635293       10987.799       5.7218356        5.7218356       10987.799                               10560.455                 21.686153                 395.71502                      9.9428595
              1       5499.7109       3.0313402       3.1965484      0.97510723     0.022578657      0.12170719     0.049329875       1.0407264      0.99807675       16.299552       10.402139       7.4048374       1.0281902       1.6866064       1.9417264      0.99947081      0.98878848   2.0724989e-09       68.621047      0.80917144       0.3077838       0.8196016      0.15054836       13.634184           10988       5.7110564        5.7110564           10988                               10560.539                 21.609258                 395.75011                      10.101415
              1       5500.4459       3.0313718       3.1961532      0.97515788     0.022578779      0.12168986      0.04935645       1.0407341      0.99809633       16.335098       11.292714       7.4004868      0.97542994        1.654807       1.6602365       0.9980372      0.99843103   2.0725645e-09       68.625235      0.80916115      0.30770968      0.81949249      0.15015315       13.634273       10990.678       5.1067419        5.1067419       10990.678                               10563.217                 21.600444                 395.74707                      10.113657
              3       5500.3141       3.0313744       3.1962265      0.97516154     0.022578873      0.12168959     0.049358688        1.040734      0.99893255       16.554903       10.659952       7.3098851      0.83848413        1.752745       1.6693558      0.99361122      0.99418253   2.0725699e-09       68.626241      0.80915989      0.30770029      0.81947871      0.15022646        13.63419       10990.129       5.2497084        5.2497084       10990.129                               10562.437                 21.511258                 395.74943                      10.430878
              2       5503.2987       3.0313668       3.1964401      0.97517445     0.022577596      0.12168156      0.04934555        1.040734      0.99894473       16.478013       10.701829       7.0978854      0.76075325        1.636016       1.2989597      0.99643678      0.99632556   2.0725541e-09       68.630435      0.80913335      0.30764293      0.81937544      0.15044014        13.63407       10996.587       5.0053312        5.0053312       10996.587                               10568.889                 21.509714                 395.74943                      10.438449
              1       5502.4296       3.0320596       3.2124922      0.97602925     0.022562366      0.12183101      0.04930064       1.0408086      0.99913402       15.417158       11.177663       7.8704155       0.9040806       1.6593123       1.8459753      0.99618706      0.99247368   2.0739905e-09       68.776507      0.80983741      0.30662129      0.81872558      0.16649217       13.617812       10994.457       5.2011677        5.2011677       10994.457                               10566.692                 21.417081                 395.75952                      10.588042
              1       5497.2993       3.0358016       3.2124922       0.9746284     0.022562366      0.12183101      0.04930064       1.0408086       1.0002102       16.394811       11.326468       8.1533143      0.97484289        1.518705       1.7992327      0.99884438       0.9974626    2.081766e-09       68.776507      0.81091293      0.30662129       0.8198129      0.16649217       13.617812       10984.943       4.8276582        4.8276582       10984.943                               10557.478                 21.709686                 395.77563                      9.9798017
              3       5500.3182       3.0357463       3.2284804      0.97476968     0.022575584      0.12183476     0.049344206       1.0407097       1.0000264       16.303921       11.217933        8.024374       1.0277077       1.8476103       2.0842224       1.0061092      0.99760146   2.0816508e-09       68.937922      0.81033395      0.30522278      0.81735717      0.18248043       13.603346       10990.635       5.0006853        5.0006853       10990.635                               10563.017                 21.727468                 395.77563                       10.11465
              3       5502.1679       3.0366244       3.2284804      0.97161703     0.022575584      0.12183476     0.049344206       1.0407097      0.99927613        16.17895       10.866879       7.0822445       1.1725291       1.9712133       2.3164911       1.0088545      0.99714297   2.0834794e-09       68.937922      0.80969721      0.30522278      0.81671492      0.18248043       13.603346       10993.816       5.2600011        5.2600011       10993.816                               10566.054                 22.404792                 395.75674                      9.5997953
              4       5501.5916       3.0370928       3.2284804      0.97145271     0.022575584      0.12183476     0.049344206       1.0407097      0.99921399       15.089107       10.329636       6.6872973       1.1114551       1.9863389       2.5902344       1.0079246       1.0011198   2.0844557e-09       68.937922      0.80983521      0.30522278      0.81685412      0.18248043       13.603346       10992.873       5.1549427        5.1549427       10992.873                               10565.161                 22.473537                 395.75377                      9.4851576
              1       5501.2087       3.0362517       3.2284804      0.97208015     0.022575584      0.12183476     0.049344206       1.0407097       0.9990109       14.436589       10.229494       6.3577351       1.1558701       1.8947095       2.6016029       1.0043348      0.99914644   2.0827032e-09       68.937922      0.80969196      0.30522278      0.81670962      0.18248043       13.603346       10992.495       4.9611144        4.9611144       10992.495                               10564.839                 22.330847                  395.7166                      9.6084929
              2        5501.548       3.0373813       3.1827367      0.97168295     0.022447368      0.12206393     0.050184691       1.0410174       0.9988569       15.255818        10.28337        6.682584       1.0937759       1.6862595        2.396811       1.0064156      0.99831416   2.0850571e-09       68.324646      0.81293048      0.31094294       0.8276241      0.13673674       13.654117       10992.876       5.1097995        5.1097995       10992.876                               10565.571                 22.270266                 395.70638                      9.3291323
              2       5500.5407         3.03711       3.1827367      0.97007496     0.022447368      0.12206393     0.050184691       1.0410174      0.99868802       16.270414       11.292432       7.3755194       1.2658144       1.7361025       2.4590803       1.0006137      0.99512855   2.0844915e-09       68.324646      0.81231694      0.31094294      0.82699947      0.13673674       13.654117       10990.994        5.043496         5.043496       10990.994                               10563.438                 22.570344                 395.71017                      9.2761619
              4        5500.389       3.0369212       3.1692796      0.96956837      0.02243487       0.1219806     0.050486025       1.0409957      0.99877042         17.4136       11.572434       7.8110815       1.2652413       1.6858297       2.1971666       1.0043152       0.9961851    2.084098e-09       68.180252      0.81223349      0.31205524      0.82839221      0.12327964       13.669306       10990.634       5.0720748        5.0720748       10990.634                               10563.034                 22.588793                 395.74195                      9.2696015
              4       5498.8205       3.0372229       3.1762054      0.97067939     0.022433311      0.12167977     0.050364079       1.0410941      0.99929595       17.605187       9.6789777       7.4952818       1.2280246       1.9452228       2.3222526      0.99388598      0.99567161   2.0847269e-09       68.397364      0.81161216      0.30943092      0.82427053      0.13020539       13.658292        10987.43         5.10549          5.10549        10987.43                                10559.87                 22.405206                 395.73671                      9.4178597
              2       5500.3154       3.0374527       3.1762054      0.97109456     0.022433311      0.12167977     0.050364079       1.0410941      0.99915691        18.07756       10.639551       8.2372183       1.2360223       1.6470258        2.234611      0.99409135       1.0010944   2.0852059e-09       68.397364      0.81183525      0.30943092      0.82449709      0.13020539       13.658292       10990.585       5.0226668        5.0226668       10990.585                               10563.117                 22.362269                 395.73811                      9.3684464
              4        5500.185        3.036901       3.1816691      0.97146613     0.022386813      0.12134155     0.049560802       1.0410961      0.99920573        17.01659       10.810062       7.5501331       1.3601792        1.547935       2.3139044      0.99814664       1.0042255   2.0840559e-09       68.540965      0.81064505      0.30731676      0.82047099      0.13566911       13.655926       10990.486       4.9421711        4.9421711       10990.486                               10563.023                 22.377811                 395.72642                      9.3581619
              4       5498.5849       3.0366682       3.2263259      0.97224127     0.022440366      0.12117428     0.049492226       1.0408594      0.99895816       17.249788       11.234645       8.0596773       1.2199295       1.8159436       2.3886564      0.99705827       1.0008225   2.0835706e-09        69.08277      0.80847352      0.30227692      0.81153577       0.1803259       13.611732       10987.332       4.9187393        4.9187393       10987.332                               10559.501                 22.376105                 395.74063                      9.7145634
              4       5495.8547       3.0340662       3.2263259      0.97439925     0.022440366      0.12117428     0.049492226       1.0408594      0.99842731       16.132793          9.9502       7.0870182       1.1578607       2.0631032       2.4092247       1.0004133       1.0014701   2.0781564e-09        69.08277      0.80810026      0.30227692       0.8111611       0.1803259       13.611732        10981.72       4.9947825        4.9947825        10981.72                               10553.859                 21.908183                 395.73491                      10.217464
              1       5497.9833       3.0346355       3.2307899      0.97424543     0.022436045      0.12143268     0.050242828       1.0408175      0.99792668        15.19562       9.8923446       6.7493494       1.1535558       2.0593088       2.5471085      0.99459635       0.9992517   2.0793396e-09       69.025338      0.80898946      0.30331342      0.81344473      0.18478995       13.610011       10985.411       5.2779428        5.2779428       10985.411                               10557.646                 21.929811                 395.70834                      10.125999
              1        5496.686       3.0350942       3.2287333      0.97430393     0.022420467      0.12153161     0.050708466       1.0408467      0.99777913       16.265004       9.9344827       6.6821551        1.300016        1.890462       2.4072752       1.0022081       1.0002618   2.0802938e-09       68.963381      0.80967361      0.30403391      0.81509902      0.18273329       13.613191       10982.963       5.2045568        5.2045568       10982.963                               10555.252                 21.903729                 395.72191                      10.084825
              1        5495.683       3.0342722       3.2031851       0.9722725     0.022427196      0.12190856     0.050608051       1.0407426       0.9971562       16.441507       9.8970803       7.1690048       1.2862725       1.9779555        2.480689      0.99944805      0.99713436   2.0785845e-09       68.505453      0.81057291       0.3089297      0.82254807      0.15718513       13.642942       10980.416       5.4748145        5.4748145       10980.416                               10552.935                 22.183614                 395.72804                      9.5700665
              1       5494.1621       3.0385515       3.2031851      0.97126122     0.022427196      0.12190856     0.050608051       1.0407426      0.99894241       16.880356        10.49897       7.1891565       1.2164443       1.8731695        2.239151      0.99692476       1.0001481   2.0874984e-09       68.505453      0.81199198       0.3089297      0.82398811      0.15718513       13.642942        10978.48       4.9221294        4.9221294        10978.48                               10551.031                 22.409616                 395.75826                      9.2808296
              4       5495.1391       3.0392917       3.2044106      0.97248695     0.022540701       0.1215504     0.051654965       1.0408193      0.99892757       17.002076       10.300528       7.2586571       1.1859715       1.9505348       2.2654533      0.99709994      0.99787883   2.0890442e-09       68.766738      0.81106154      0.30606919       0.8192246      0.15841055        13.62663       10980.395       4.9418107        4.9418107       10980.395                                   10553                 22.214723                 395.70281                      9.4773075
              1       5496.0837       3.0404959       3.1997055      0.97297551      0.02241251      0.12139138     0.053225598       1.0408655      0.99873642       18.290299       11.159406       8.4574047       1.0499013       1.6455099       1.9879187      0.99728358      0.99908741   2.0915612e-09       68.675988      0.81188694      0.30626966      0.82032683      0.15370553       13.642125       10982.259       4.9540445        4.9540445       10982.259                               10554.704                 22.056198                  395.8735                      9.6253935
              2        5495.668       3.0400907       3.1997055      0.97411021      0.02241251      0.12139138     0.053225598       1.0408655      0.99920037       18.536121       11.986682       9.0026083        1.175109       1.5504516       1.9407879      0.99593371      0.99559932   2.0907139e-09       68.675988      0.81207899      0.30626966      0.82052088      0.15370553       13.642125       10981.304       5.0159108        5.0159108       10981.304                               10553.768                 21.789829                 395.87023                      9.8757788
              3       5499.7271       3.0401551       3.2409973      0.97624732     0.022504725      0.12054203     0.053630199       1.0407376      0.99912681       19.278196       12.732452       9.5386628       1.1319285       1.6421708       1.8981156      0.99863948      0.99690354   2.0908486e-09       69.490841      0.80819607      0.29756122      0.80490434      0.19499732        13.59139       10989.647       4.9034468        4.9034468       10989.647                               10561.193                 21.617006                 395.88272                      10.954781
              3       5498.0317       3.0401359        3.229062      0.97590493     0.022509367      0.12055626      0.05384499       1.0407566      0.99990267       19.114448       12.411347       9.8323521      0.98885089       1.6461412       1.8343118      0.99572396      0.99632889   2.0908085e-09       69.357198      0.80848506      0.29874827      0.80679662      0.18306196       13.602452       10986.174       4.9448198        4.9448198       10986.174                               10557.514                  21.54544                 395.90055                      11.213832
              1       5499.8196       3.0379887       3.2085271      0.97487545     0.022489359      0.12026953     0.051368812       1.0407758       1.0008617       20.066365       12.727375       10.406013       1.0402063       1.5542292       1.6991878       0.9970804       1.0010534   2.0863239e-09       69.209925      0.80704298      0.29938068      0.80620951      0.16252706       13.623348       10989.853       4.8928302        4.8928302       10989.853                               10561.536                 21.687511                 395.74531                      10.884974
              3       5499.2888       3.0369672       3.2085271      0.97526991     0.022489359      0.12026953     0.051368812       1.0407758       1.0005702        19.80356       12.075868       9.8344725       1.0227442       1.3517966       1.5800123      0.99225655       1.0006528   2.0841938e-09       69.209925      0.80675471      0.29938068      0.80592155      0.16252706       13.623348       10988.351       5.1131981        5.1131981       10988.351                               10559.902                 21.602625                 395.74158                      11.104921
              4       5499.6243       3.0375421       3.2085271       0.9729507     0.022489359      0.12026953     0.051368812       1.0407758       1.0011427       20.802217       14.336366       11.142417       1.0859364       1.1162114       1.2501448      0.99163547      0.99075066   2.0853923e-09       69.209925      0.80625906      0.29938068      0.80542641      0.16252706       13.623348       10987.914       5.6672874        5.6672874       10987.914                                10559.07                 21.940859                 395.72143                      11.181506
              2       5500.9381       3.0377651        3.213974      0.97334701     0.022480593      0.12019318     0.051506094        1.040788       1.0012178       21.197718       14.379145       11.101424        1.203612       1.4178398       1.5273388      0.99721316      0.99474728   2.0858574e-09       69.297415      0.80609768      0.29844795       0.8040098      0.16797397       13.618011       10991.715        5.080689         5.080689       10991.715                                 10562.7                 21.884958                 395.73556                      11.394247
              1       5500.7215       3.0368977       3.2181077      0.97295805     0.022443392      0.12005471     0.050683331       1.0406986       1.0008321       20.995935       14.292556       10.942537       1.1880429       1.4120144       1.5088709      0.99749927      0.99772264   2.0840489e-09        69.33338      0.80510942      0.29777297      0.80211551      0.17210774       13.619549       10991.647       4.8978436        4.8978436       10991.647                               10562.764                 22.033177                 395.70684                      11.142829
