#        weight    minuslogpost            logA             nnu              ns           ombh2           omch2             tau    theta_MC_100        A_planck         amp_143         amp_217     amp_143x217           n_143           n_217       n_143x217           calTE           calEE              As              H0          sigma8          omegam              S8      delta_neff             age       chi2__CMB   minuslogprior minuslogprior__0            chi2 chi2__planck_NPIPE_highl_CamSpec.TTTEEE chi2__planck_2018_lowl.TT chi2__planck_2018_lowl.EE chi2__planck_2018_lensing.clik
              1       5868.7824       3.0405886       3.1236316      0.97298897     0.022557393      0.12028401     0.062231033       1.0409828      0.99731151       9.5187929       19.795612       11.317101       0.5461905       1.0151042        1.098961       1.0069217       1.0185916   2.0917552e-09       68.343026      0.80999573       0.3072005      0.81965872     0.077631646       13.696943       11722.902       7.3312797        7.3312797       11722.902                               11291.392                 21.457225                 398.05545                      11.997762
              1       5779.4154       3.0424318       3.1963919      0.97835394       0.0222859      0.11919407      0.06128801       1.0412994      0.99980021       11.580874       19.750133       10.838354      0.17976592      0.91973378      0.61229654      0.99656862       1.0314623   2.0956143e-09       69.461182      0.80794946      0.29456805      0.80060148      0.15039194       13.635584       11539.237       9.7967027        9.7967027       11539.237                               11105.174                 20.838457                 397.55342                      15.671395
              1       5759.3742       3.0437446       3.1369889      0.97890466      0.02220386      0.11874952     0.062795423       1.0417082       1.0003682       11.911907       18.768601       10.617163     0.091680743      0.96711903      0.51796705      0.99440923       1.0281952   2.0983671e-09       68.995783      0.80965332      0.29744919      0.80620385     0.090988908       13.690355       11500.894       8.9272275        8.9272275       11500.894                               11066.962                 20.646044                  398.0754                      15.210736
              4       5692.8947       3.0419372       3.0845816      0.97579434      0.02213236      0.11944806     0.060614968       1.0417832       1.0005705       13.512717       18.690609       11.297655      0.20592829      0.96782126      0.46614483      0.99150432       1.0160729    2.094578e-09       68.099396      0.81229997      0.30668343      0.82129838     0.038581636        13.75243       11372.862       6.4638671        6.4638671       11372.862                               10941.988                 20.914461                 397.51644                      12.442513
              2       5636.1078       3.0458023       3.0845816      0.96628957      0.02213236      0.11944806     0.060614968       1.0417832      0.99998308       13.569412       18.837004       11.805039      0.16935694      0.97909562       0.7921118       0.9821376       1.0005494   2.1026895e-09       68.099396       0.8109213      0.30668343      0.81990444     0.038581636        13.75243       11259.451       6.3821133        6.3821133       11259.451                               10828.384                 22.743354                  397.8092                      10.515369
              1       5567.5081       3.0459897       3.0777449      0.96623729     0.022110426      0.11949085     0.060733565       1.0418332      0.99934771        16.70801       18.550203       12.444072      0.37934224       1.1979225      0.92890456      0.98822459      0.99044236   2.1030835e-09        68.00309      0.81147268      0.30759778      0.82168408      0.03174486       13.760411       11123.078       5.9693364        5.9693364       11123.078                               10692.256                 22.819026                 397.86938                      10.133407
              2       5561.5332       3.0456464       3.0470021      0.96585458     0.022209326      0.11955785     0.060151489        1.042018      0.99897587       16.958987       17.964579       12.274828      0.25811084       1.0279182      0.58882389      0.98372836      0.99602039   2.1023616e-09        67.76425       0.8121201       0.3101312      0.82571916    0.0010021301       13.777161       11110.522       6.2721792        6.2721792       11110.522                               10680.366                 22.942637                 397.65919                      9.5545108
              3       5552.9707       3.0454274       3.0441575      0.96517421     0.022211526      0.11983994     0.059918028       1.0419816      0.99875013       17.230145       17.981601       12.140616      0.18504407      0.75355065      0.41366621      0.98370902       1.0021197   2.1019012e-09       67.621491       0.8128109      0.31206375       0.8289924   -0.0018424746       13.782162       11093.422       6.2596723        6.2596723       11093.422                               10663.357                 23.073367                 397.61555                      9.3766197
              2       5549.3969       3.0461994        3.058311      0.96679936     0.022218117      0.11938883     0.060558164       1.0420535      0.99909236       17.331523       17.889247       11.954501      0.14466346      0.60960849      0.30060128      0.98985501       1.0054547   2.1035247e-09       67.975165      0.81171786      0.30786285      0.82228642      0.01231101        13.76275       11087.765        5.514532         5.514532       11087.765                               10657.421                 22.785875                 397.73629                      9.8216526
              1       5551.9571       3.0474507        3.058311      0.96406026     0.022218117      0.11938883     0.060558164       1.0420535      0.99903519       17.440464       17.972517       11.795231     0.098565285      0.67635496      0.28318412      0.99280938       1.0094662   2.1061584e-09       67.975165      0.81138038      0.30786285      0.82194455      0.01231101        13.76275       11092.782       5.5662934        5.5662934       11092.782                               10661.975                 23.469082                 397.88103                      9.4560721
              3       5551.0302       3.0467935       3.0478022      0.96355517     0.022221215      0.11914457     0.060473343       1.0419904      0.99902419       17.313247       17.807121       11.731748     0.075569792      0.70738015      0.28476847      0.99211603        1.009944   2.1047747e-09       67.920099      0.81038131      0.30783946      0.82090128    0.0018021926       13.774202       11090.727       5.6666325        5.6666325       11090.727                               10659.907                 23.552362                 397.83311                      9.4348187
              6       5540.6855       3.0440163       3.0478022      0.96511666     0.022221215      0.11914457     0.060473343       1.0419904      0.99775356       17.387987       17.483989        11.82612      0.16079195      0.87662425      0.47219535      0.99021309       1.0035972   2.0989373e-09       67.920099      0.80973646      0.30783946      0.82024806    0.0018021926       13.774202       11069.906       5.7325915        5.7325915       11069.906                               10639.266                 23.189721                 397.75997                      9.6906304
              1       5541.0263        3.044632       3.0444833      0.96488784     0.022261538      0.11937224     0.061517252       1.0419657      0.99669234       16.653313       16.941546       11.120114      0.24736125       1.0152764      0.55937473      0.99712599       1.0010988   2.1002301e-09       67.825891      0.81059041      0.30927776      0.82302909   -0.0015167054         13.7753       11070.637       5.7078384        5.7078384       11070.637                               10639.737                 23.292415                 398.16185                      9.4452396
              5       5532.0926       3.0437538       3.0170032       0.9635795     0.022350344      0.11959643      0.06087027       1.0419897      0.99558693       15.659752       15.041246       9.3004354      0.26623734      0.96326327       0.4773534      0.99106397      0.99521782   2.0983864e-09       67.511084      0.81115862      0.31284615      0.82834369    -0.028996792       13.794994       11050.472       6.8568813        6.8568813       11050.472                               10619.877                 23.681897                 397.97096                        8.94198
              2       5523.9307       3.0412123       2.9800844      0.96158152     0.022333039      0.11831058     0.061533377       1.0415974       0.9950369       15.733058        14.44908        9.556883      0.19345603       1.1640044      0.61016317      0.99094824      0.99611169   2.0930602e-09        67.39157      0.80615236      0.31107444        0.820897    -0.065915575       13.841537       11033.379       7.2411137        7.2411137       11033.379                               10602.221                 24.044848                 398.23648                      8.8767936
              2       5533.5862       3.0427079       2.9571263      0.96151765     0.022379594      0.11852443     0.063756425       1.0416956      0.99444172       15.519102       14.450321       9.3170833      0.23407006        1.376705      0.71507599      0.98894088      0.98814596   2.0961929e-09       67.121126      0.80812805      0.31415611      0.82697487    -0.088873695       13.858834        11050.03       8.5709239        8.5709239        11050.03                               10618.083                 23.931223                 399.18439                      8.8321476
              2       5525.8213       3.0415164       2.9571263      0.96139365     0.022379594      0.11852443     0.063756425       1.0416956       0.9941342       15.621547       14.123707       9.0353915      0.16834728       1.1276999      0.57671415      0.98901315       0.9877098   2.0936968e-09       67.121126       0.8076093      0.31415611      0.82644402    -0.088873695       13.858834       11033.849       8.8966663        8.8966663       11033.849                               10601.827                 23.914307                 399.18439                      8.9237285
              1        5525.355        3.041825       2.9189793      0.96016094      0.02222748      0.11888348     0.063929914       1.0418506      0.99414854       15.757194       13.735426       9.2932827      0.18068193      0.99024009      0.60445172      0.98598363      0.98606407   2.0943429e-09       66.481498      0.81064144      0.32068464      0.83812202     -0.12702073       13.911261       11031.754       9.4777676        9.4777676       11031.754                               10599.441                 24.005209                 399.47252                      8.8352997
              9       5524.9378       3.0445931       2.9189793      0.95536314      0.02222748      0.11888348     0.063929914       1.0418506      0.99404831        16.81814       14.887332       10.223134      0.18252525      0.95698702      0.60358656      0.98836175      0.98844051   2.1001484e-09       66.481498      0.81032339      0.32068464      0.83779319     -0.12702073       13.911261       11031.947       8.9644173        8.9644173       11031.947                                10598.04                 25.517006                  399.7228                      8.6671713
              2       5523.2989       3.0423237       2.9108454      0.95489334     0.022112513      0.11809465     0.061658924       1.0417827      0.99525561       16.553067       14.884898       10.293411      0.16060432      0.87101893      0.47129089      0.98908918      0.99672536   2.0953878e-09       66.547524      0.80734517      0.31800483      0.83121903     -0.13515463       13.930401       11032.128       7.2348356        7.2348356       11032.128                               10599.345                 25.607626                 398.66616                      8.5092673
              1       5521.9712       3.0424108       2.9260773      0.95547801     0.022132526      0.11794333      0.06174867       1.0417368      0.99528205       16.926052       14.841896       10.413066       0.3535621       1.1776724       0.6966162      0.99350202      0.99880197   2.0955702e-09       66.778133      0.80639801      0.31552328      0.82699813     -0.11992271       13.912981       11030.374       6.7842727        6.7842727       11030.374                               10597.733                 25.518482                 398.64771                      8.4748803
              1       5521.5149       3.0420696        2.917362      0.95447597     0.022106766      0.11810029     0.061886781       1.0416465      0.99488917       16.302126       14.583781       9.8861367      0.31184697       1.1473051      0.69742238      0.98965849      0.99811274   2.0948554e-09       66.571203      0.80681469      0.31778077      0.83038018     -0.12863798       13.928211       11028.175       7.4274432        7.4274432       11028.175                                10595.16                 25.745889                 398.79406                      8.4750833
              1       5518.7022       3.0443608        2.917362      0.95720947     0.022106766      0.11810029     0.061886781       1.0416465      0.99620767        16.57361       14.169144       9.1762973      0.43717968       1.1415082      0.72976784      0.99658543       1.0080647   2.0996606e-09       66.571203      0.80855622      0.31778077      0.83217257     -0.12863798       13.928211       11024.766       6.3192859        6.3192859       11024.766                               10592.542                 24.958534                 398.69179                      8.5732737
              2         5519.11       3.0442869       2.9172772      0.95714311     0.022114429      0.11810766     0.061844454       1.0416368       0.9961849       16.633369       14.008363       9.3187039      0.36422362       1.1254367      0.85256066      0.99508787       1.0071587   2.0995054e-09       66.570628      0.80849207      0.31782014       0.8321581     -0.12872276       13.927845       11025.567       6.3265331        6.3265331       11025.567                                10593.34                 24.979382                 398.67792                      8.5695822
              1       5516.4963       3.0439104       2.9347882      0.95931836     0.022189695      0.11708696      0.06121171       1.0417116      0.99889826       17.817272        14.61384        10.15916        0.265954      0.83721737      0.44212198      0.99388071       1.0068202   2.0987152e-09       67.220827      0.80466534      0.30961552      0.81745909     -0.11121177        13.89503       11022.388        5.302163         5.302163       11022.388                               10591.016                 24.273683                 398.13716                      8.9616974
              1        5511.111       3.0435585       2.9290814      0.95876465     0.022217383      0.11709854     0.061298658       1.0416444      0.99776155       16.843317       13.840009       9.1513218      0.36770827      0.84736329      0.52389795      0.99693206       1.0024899   2.0979768e-09       67.150578      0.80441323      0.31034871         0.81817     -0.11691859       13.900329       11011.694       5.2641689        5.2641689       11011.694                               10580.225                 24.551402                 398.23045                      8.6865911
              1       5510.6883       3.0434864       2.9280089      0.95860453     0.022233572      0.11719642     0.061162423       1.0416464      0.99772069       16.781875       13.777356       9.1413223      0.36831821      0.80859714       0.5346308      0.99582578       1.0010016   2.0978254e-09       67.117137      0.80464002      0.31091089      0.81914157      -0.1179911       13.900185       11010.791         5.29301          5.29301       11010.791                               10579.368                 24.594634                 398.18478                      8.6434637
              1       5507.6122       3.0451942       2.9466714      0.96076854     0.022307502      0.11687648     0.062844116       1.0417529      0.99767337       18.235346       13.884165       10.628533      0.49946082      0.79615875      0.70763168       1.0007886       1.0029285   2.1014112e-09        67.54415      0.80399823      0.30645948      0.81260781    -0.099328622       13.868342       11004.696        5.264298         5.264298       11004.696                               10572.742                 24.144021                 398.71825                      9.0914092
              2       5506.1351         3.04328       2.9466714       0.9600852     0.022307502      0.11687648     0.062844116       1.0417529      0.99644353       18.087969       13.805537       10.123497      0.49780245      0.96899881      0.76884475        1.001502       1.0015625   2.0973926e-09        67.54415      0.80302341      0.30645948      0.81162255    -0.099328622       13.868342       11000.629        5.820619         5.820619       11000.629                               10568.404                 24.359305                 398.74662                      9.1187028
              5       5502.7773       3.0415267       2.8979125      0.95636703     0.022189569      0.11775269     0.061123937        1.041711      0.99605152       17.260278       12.657165       9.3618355      0.75796242       1.3201037       1.2021143      0.99276372      0.99709788   2.0937184e-09        66.55682      0.80635438       0.3173133       0.8292958     -0.14808751       13.937013       10992.882       6.3364236        6.3364236       10992.882                               10560.991                 25.100242                 398.29871                      8.4922761
              1       5501.2722        3.041615       2.8906729      0.95653572     0.022169095      0.11762652     0.061168172        1.041773      0.99625678       17.441492       12.859295       9.3404079      0.92266528       1.3720604       1.3926795      0.99425937      0.99586505   2.0939032e-09       66.521204      0.80640663      0.31731915      0.82935716     -0.15532708       13.944402       10990.232       6.1564547        6.1564547       10990.232                               10558.368                 25.020636                 398.34103                      8.5017953
              2        5498.898       3.0443471       2.8906729      0.95981058     0.022169095      0.11762652     0.061168172        1.041773        0.998485       18.249154       12.742195       9.2286721      0.78681431       1.0735477       1.0166009       0.9976849      0.99358294   2.0996318e-09       66.521204       0.8084868      0.31731915      0.83149653     -0.15532708       13.944402       10987.393       5.2015644        5.2015644       10987.393                               10556.555                 24.036876                 398.17787                        8.62324
              7       5501.7861       3.0455327       2.9265581      0.96145573      0.02223205      0.11751546     0.062330283       1.0417206      0.99829975        19.17425       13.833049       9.7989061       0.7043553       1.1471313      0.96878866       0.9946868      0.99139513   2.1021225e-09       67.010501      0.80753546      0.31260779      0.82432956      -0.1194419       13.901017       10992.516       5.5278913        5.5278913       10992.516                               10561.419                  23.76708                 398.56933                      8.7607082
              4       5500.8266        3.044897       2.9265581      0.96180633      0.02223205      0.11751546     0.062330283       1.0417206       0.9986663       18.841734       13.194517       10.112331       0.7319651       1.1040897       0.9509915      0.99592126      0.99111059   2.1007868e-09       67.010501      0.80738437      0.31260779      0.82417533      -0.1194419       13.901017       10990.842       5.4058425        5.4058425       10990.842                               10559.786                 23.578511                 398.55404                      8.9227525
              3        5501.149       3.0447778        2.924397      0.96161062     0.022228861      0.11753548     0.062277144       1.0417075      0.99862371       18.891403       13.541799       10.589993      0.83247671       1.0461056       1.0775882      0.99630221      0.99218062   2.1005363e-09       66.971399      0.80742141      0.31300968      0.82474277     -0.12160297       13.904107       10991.676       5.3108699        5.3108699       10991.676                               10560.622                 23.615489                 398.54839                      8.8905038
              4       5501.7833       3.0496506        2.924397      0.95739312     0.022228861      0.11753548     0.062277144       1.0417075      0.99932793       19.916897       14.155315        11.25486      0.89983844      0.94791379      0.99509792      0.99297368      0.99210813   2.1107969e-09       66.971399      0.80812176      0.31300968      0.82545814     -0.12160297       13.904107       10992.807       5.3796416        5.3796416       10992.807                               10560.697                 24.952228                 398.73016                      8.4281164
              1       5501.7015       3.0495531        2.923219       0.9574706     0.022239982      0.11745413     0.062201925       1.0417153      0.99941106       19.807206       14.281666       11.179365      0.80877685      0.90236367      0.87497063      0.99115581      0.99145186   2.1105911e-09       66.998151      0.80782667      0.31260289      0.82462036     -0.12278104       13.903642       10992.264       5.5694542        5.5694542       10992.264                               10560.246                 24.935233                 398.65929                      8.4236471
              2       5501.8278       3.0492569       2.9619358      0.95835572     0.022292278       0.1173607     0.061500499       1.0415891      0.99967385       19.669234        14.02449       11.029006      0.87796799      0.83223551       0.8823629      0.99716093      0.99607935    2.109966e-09       67.481913       0.8059723       0.3080603      0.81672782    -0.084064238       13.860855       10993.834        4.910923         4.910923       10993.834                               10562.121                 24.866498                 398.30501                      8.5408751
              1       5501.5044       3.0495141       2.9427806      0.95683021     0.022271576      0.11730312     0.064055203       1.0413237      0.99738295        18.81951       13.461881        10.72293      0.85374158       1.0300858       1.1278819      0.99978485      0.99392627   2.1105088e-09       67.174535      0.80593305      0.31070572      0.82018716     -0.10321942        13.89088       10991.973       5.5178547        5.5178547       10991.973                               10558.817                 25.298514                 399.49851                      8.3586958
              3       5498.3299       3.0466927       2.9427806      0.95716363     0.022271576      0.11730312     0.064055203       1.0413237      0.99632539       19.126113       13.588466       10.342505      0.70017782       0.8385305      0.79749874      0.99735925       0.9964264   2.1045624e-09       67.174535      0.80489682      0.31070572       0.8191326     -0.10321942        13.89088       10984.731       5.9641931        5.9641931       10984.731                               10551.615                 25.142882                 399.49414                      8.4798828
              1       5500.0426       3.0460731       2.9330339      0.95597265     0.022164771      0.11755575     0.063338505       1.0412799       0.9961427       18.473574       13.098919       9.4652504      0.71684989       1.0251759      0.83574199      0.99527175       1.0003191   2.1032589e-09         66.8704      0.80591446      0.31386102      0.82432223     -0.11296613       13.914456       10987.909       6.0878438        6.0878438       10987.909                               10554.786                 25.416415                 399.32895                      8.3783442
              3       5499.7139       3.0455605       2.9455503      0.95564712     0.022204754      0.11766712      0.06289766       1.0411596      0.99641043        18.29573       12.903286       9.4945648      0.73039547       1.0895567      0.94307376      0.99390666       0.9973529   2.1021811e-09       66.968554      0.80527788      0.31328361      0.82291311     -0.10044965       13.901263       10987.354        6.036736         6.036736       10987.354                               10554.374                 25.490276                 399.09958                      8.3904216
              1       5500.2356       3.0452843       2.9587459      0.95607051      0.02217119      0.11730126     0.062859596       1.0410693      0.99672812       19.093575       14.163304       10.518808      0.65208778       1.0282303      0.79988933      0.99873676      0.99887722   2.1016005e-09        67.19411      0.80365716      0.31030392      0.81734202      -0.0872541       13.891871       10989.159       5.6559505        5.6559505       10989.159                               10556.199                 25.391017                 399.04337                      8.5259165
              2       5502.9237       3.0469799       2.9719246      0.95805715     0.022214183       0.1168817     0.064839811       1.0411554      0.99660517       19.549883       13.622682       10.216047      0.64792174      0.99737611      0.84977679      0.99950825      0.99855648    2.105167e-09       67.560834      0.80291938      0.30612399       0.8110731     -0.07407544       13.869157        10994.41         5.71887          5.71887        10994.41                                10560.68                 24.917407                 399.83666                      8.9758948
              4       5498.7787       3.0435087       2.9719246      0.96266338     0.022214183       0.1168817     0.064839811       1.0411554       0.9962142       20.161344       13.626178       10.651967      0.74944276       1.2270197        1.052044      0.99909111      0.99493772   2.0978722e-09       67.560834      0.80291188      0.30612399      0.81106552     -0.07407544       13.869157       10985.429       6.0641031        6.0641031       10985.429                               10552.538                 23.554047                 399.57994                      9.7576361
              1       5499.4852       3.0431266       2.9612572      0.96260174     0.022189197      0.11662314     0.064564847       1.0411877       0.9962839       20.060298       13.623434       10.403514      0.68339059      0.98025514      0.85108328        1.000501       1.0009473   2.0970708e-09       67.519925      0.80235193      0.30586935      0.81016272    -0.084742828       13.880797       10987.179       5.8957473        5.8957473       10987.179                               10554.474                 23.569509                 399.44012                      9.6954587
              1       5500.0219       3.0430124       2.9577589      0.96230192     0.022185855      0.11667155     0.064574658       1.0411684      0.99618524         19.8211       13.661971        10.66921       0.5479177       1.0615537       0.8744777      0.99496219       0.9992683   2.0968313e-09       67.452711      0.80250253      0.30657706      0.81125168    -0.088241086       13.885628       10987.886       6.0790223        6.0790223       10987.886                               10555.207                 23.623332                 399.46471                      9.5911291
              3       5499.8951       3.0425478       2.9346647      0.96075154     0.022079807      0.11723099     0.063593877       1.0412355      0.99673966       20.117245       14.057265       10.632257      0.57979576       1.0378392      0.77131245      0.99019097      0.99657816   2.0958573e-09       66.920802      0.80509183      0.31247412      0.82165938     -0.11133531       13.921305        10987.44       6.1752689        6.1752689        10987.44                               10555.433                 23.782658                 399.18126                      9.0428403
              1       5497.6362       3.0418213       2.9285349       0.9601308     0.022084776       0.1170386     0.063501009       1.0411283         0.99661       20.454599       14.339877       10.875714      0.72081296       1.0491292      0.89749115      0.99144013      0.99796555   2.0943353e-09        66.88663      0.80404848      0.31237236      0.82046093     -0.11746512       13.929692       10983.089       6.0916738        6.0916738       10983.089                               10550.991                 23.913929                 399.16022                      9.0237624
              5       5499.1843       3.0430199       2.9285349      0.96134309     0.022084776       0.1170386     0.063501009       1.0411283      0.99633294       20.248313        14.01903       10.581184       0.7780681       1.1469131      0.93257101      0.99221424      0.99868971   2.0968471e-09        66.88663      0.80489282      0.31237236       0.8213225     -0.11746512       13.929692       10986.023       6.1727153        6.1727153       10986.023                               10554.324                  23.76791                  399.1409                      8.7906864
              3       5499.2216       3.0427399       2.9261545      0.96118524     0.022091756      0.11704488     0.063133822       1.0411336       0.9964424       20.139837       12.940847       10.359066      0.81062295       1.0423629        1.034673      0.99226068       1.0024306     2.09626e-09       66.864181      0.80481042      0.31261094      0.82155199     -0.11984547       13.931377        10986.19       6.1268012        6.1268012        10986.19                               10554.634                 23.803246                 398.99467                      8.7575472
              1       5499.1328       3.0417728       2.9401006      0.95943896     0.022106716      0.11775766     0.062224558       1.0408883      0.99571018       19.569298       12.792258       10.030149      0.81132689       1.0825321       1.1872886      0.98882434      0.99789166   2.0942336e-09       66.703797      0.80555464      0.31575667      0.82643869      -0.1058994       13.925566       10984.457       6.9041633        6.9041633       10984.457                               10552.932                 24.274245                 398.68154                      8.5695537
              2         5498.56       3.0421103       2.9401006      0.95755661     0.022106716      0.11775766     0.062224558       1.0408883      0.99548473       20.351857       13.268125       10.876551      0.91663451       1.0551035       1.1975733      0.99386857      0.99117569   2.0949406e-09       66.703797      0.80512884      0.31575667      0.82600185      -0.1058994       13.925566       10983.133       6.9935779        6.9935779       10983.133                               10551.053                  24.82406                 398.78229                      8.4737272
              1       5499.5986       3.0418293       2.9222573      0.95661127     0.022125062      0.11782273     0.062620881        1.040839      0.99554035       20.807668        13.25144       10.946938      0.94146261       1.0745025       1.2315838      0.99366565      0.98844754    2.094352e-09       66.473153      0.80543231      0.31813394      0.82941793      -0.1237427       13.944372       10984.709        7.244248         7.244248       10984.709                               10552.329                 24.919946                 398.99906                      8.4603599
              8       5498.0026       3.0396966       2.9153315      0.95543523     0.022112343      0.11754306     0.060692794       1.0407021      0.99706205       20.945971       13.503515       11.117878      0.94678062       1.0226635       1.0767377      0.99182605       0.9899636   2.0898902e-09       66.436176      0.80345088      0.31782323      0.82697337     -0.13066848       13.955976       10983.378       6.3134905        6.3134905       10983.378                                10551.64                 25.040736                 398.22994                      8.4676517
              2       5497.3698       3.0402551       2.9153315      0.95983483     0.022112343      0.11754306     0.060692794       1.0407021       0.9980691       20.275252       13.486827       10.612291      0.91050695      0.78401544      0.97470517      0.99522664      0.99280908   2.0910577e-09       66.436176      0.80498003      0.31782323      0.82854729     -0.13066848       13.955976       10983.828       5.4559954        5.4559954       10983.828                               10553.318                 23.807594                 398.03938                      8.6626729
             14       5497.7614       3.0404263       2.9128174      0.95946614     0.022116267      0.11770921     0.061106794       1.0406674      0.99778314       20.949761       13.498585       11.198829      0.85957983       0.8799834      0.96836412      0.99607766      0.99453469   2.0914157e-09       66.340267      0.80553251      0.31912837      0.83081657     -0.13318259       13.960005       10984.713       5.4046822        5.4046822       10984.713                               10554.003                 23.868439                 398.20583                      8.6362797
              2       5496.8408       3.0403692       2.9128174      0.95948839     0.022116267      0.11770921     0.061106794       1.0406674       0.9977669       20.185216       13.664083       10.588646      0.95741814      0.99871422       1.1019406       0.9915384      0.99109039   2.0912964e-09       66.340267      0.80551615      0.31912837      0.83079969     -0.13318259       13.960005       10981.803       5.9390913        5.9390913       10981.803                               10551.096                 23.861379                 398.20583                      8.6397222
              4       5495.6934       3.0398105       2.9356325      0.95909387       0.0221248      0.11831841     0.059395356       1.0406244      0.99791062       20.222128       13.448037       10.637126       1.0275767       1.1827675       1.3126796      0.99545248      0.99305225   2.0901283e-09       66.382027      0.80636072      0.32013714      0.83298421     -0.11036746       13.938799       10980.428       5.4792517        5.4792517       10980.428                               10550.171                 24.050458                 397.59598                      8.6113085
              2       5498.1295       3.0395574       2.8686388      0.95794745     0.021976793      0.11813153     0.059224682       1.0409153      0.99956615       20.307066       13.126104       10.450679      0.95122721       1.2503605       1.2610506      0.99134635       0.9903449   2.0895992e-09       65.651811      0.80844372      0.32649627      0.84338966     -0.17736119        14.01567       10984.977        5.640846         5.640846       10984.977                               10554.695                 23.879141                 397.64395                      8.7589528
              7       5497.7073       3.0395483       2.8686388      0.95796226     0.021976793      0.11813153     0.059224682       1.0409153      0.99892275       20.124339       12.958128       10.325746      0.94251584        1.296566       1.3117032       0.9922564      0.99145795   2.0895802e-09       65.651811      0.80844442      0.32649627       0.8433904     -0.17736119        14.01567       10984.329        5.542741         5.542741       10984.329                               10553.937                 23.979463                 397.63118                      8.7812069
              1       5493.6521       3.0401501       2.9251331      0.95986024     0.021978544       0.1181635     0.058626657        1.040875      0.99882581       19.302994       12.943307       10.090499      0.83811675       1.2182904       1.2881343      0.99927343      0.99789093   2.0908382e-09       66.279819      0.80742957      0.32043585      0.83447738     -0.12086686       13.956614       10977.463       4.9204326        4.9204326       10977.463                               10547.571                 23.812289                  397.3922                      8.6877741
              3       5493.8652       3.0410537       2.9325408      0.95976667     0.022056017      0.11860529     0.059809883       1.0408259      0.99797125       18.956248       13.069306       9.8946325      0.84535295       1.1143555       1.1538872      0.99993428      0.99574999   2.0927283e-09       66.256753      0.80860034      0.32184455      0.83752228     -0.11345921       13.944189       10977.321       5.2048538        5.2048538       10977.321                                10546.92                 23.865725                 397.82051                      8.7141815
              4       5493.5765       3.0410166       2.9925262      0.96196714      0.02216749      0.11825473     0.058984756       1.0407252      0.99849049       19.453985       13.520583       10.238612      0.80519456       1.1127839       1.0460196       1.0019086      0.99871172   2.0926507e-09       67.128937       0.8054957      0.31302637      0.82279769    -0.053473799       13.871242       10977.165       4.9940574        4.9940574       10977.165                               10547.321                 23.614292                 397.33158                      8.8980861
              4       5496.5268       3.0429424       2.9892704      0.96409522     0.022209513      0.11790413     0.060673163       1.0409911       0.9990105       20.287795       13.564663       10.589304      0.77496264        1.122186      0.99806122       1.0035979      0.99755855   2.0966845e-09       67.338614       0.8058976      0.31039836      0.81974532    -0.056729628       13.860874       10983.137       4.9581106        4.9581106       10983.137                               10552.905                  23.10002                 397.83064                      9.3015366
              5       5495.5915       3.0427381       2.9818549      0.96346271     0.022205035      0.11808138     0.060567549       1.0409718      0.99774136       19.614607       13.155891       10.182988       0.7458286       1.2394577       1.1513995      0.99942263      0.99431772   2.0962562e-09       67.179779      0.80647877      0.31224806      0.82277709    -0.064145132       13.870462        10980.47       5.3564777        5.3564777        10980.47                               10550.368                 23.373096                 397.85958                      8.8699125
              2       5495.5119        3.043402       3.0052011      0.96423808     0.022288846      0.11825538     0.061029381       1.0409397      0.99835733       20.433241       13.594463       10.693859      0.76660238       1.1777095       1.0263096      0.99665508       0.9918006   2.0976484e-09       67.446069      0.80639103      0.31036224       0.8201995    -0.040798866       13.839247       10980.237       5.3932162        5.3932162       10980.237                               10549.906                 23.163071                 397.92904                      9.2393226
              1       5493.8074       3.0424796       2.9842938      0.96288363     0.022204071      0.11845337     0.059947359       1.0409514      0.99790151        19.23843       12.601027       9.4607302      0.83777018       1.1247571        1.032868      0.99365889      0.99515172   2.0957145e-09       67.068856      0.80735885      0.31410745      0.82612373     -0.06170619       13.870212       10976.702       5.4561255        5.4561255       10976.702                               10546.792                 23.471708                 397.63793                      8.8011708
