#        weight    minuslogpost            logA             nnu              ns           ombh2           omch2             tau    theta_MC_100        A_planck         amp_143         amp_217     amp_143x217           n_143           n_217       n_143x217           calTE           calEE              As              H0          sigma8          omegam              S8      delta_neff             age       chi2__CMB   minuslogprior minuslogprior__0            chi2 chi2__planck_NPIPE_highl_CamSpec.TTTEEE chi2__planck_2018_lowl.TT chi2__planck_2018_lowl.EE chi2__planck_2018_lensing.clik
              1       5935.7393       3.0407103       3.4134506      0.96679593     0.022427977      0.12032264     0.054995795       1.0409668        1.000156       10.632063       20.967605       12.114808       1.0573755       1.0304823       1.2898649       0.9838047      0.98729572   2.0920096e-09       71.595599      0.79984356      0.27974531      0.77237077      0.36745059       13.419999       11857.667       6.9056328        6.9056328       11857.667                               11418.352                 23.583076                 396.09602                      19.636493
              3       5848.9932       3.0430326       3.4174495      0.96948646     0.022468714      0.12013758     0.056309375       1.0413354       1.0007211       13.305846       22.357223        13.65936      0.86605104       1.1254002        1.118642      0.98859696      0.99412915   2.0968738e-09       71.873268       0.8009818      0.27730862      0.77009394      0.37144951       13.400506       11686.688       5.6493333        5.6493333       11686.688                               11246.397                 23.020444                 396.26075                      21.009986
              1       5831.6548       3.0429262       3.4167415      0.96932992     0.022466137      0.12020918     0.056110954        1.041336       1.0007364       13.678683       21.506666        13.19762      0.71990034       1.1315898      0.93532217      0.98180112      0.99668655   2.0966505e-09       71.836682      0.80117448       0.2777249      0.77085713      0.37074148        13.40178       11650.231       6.5395301        6.5395301       11650.231                                11210.21                 23.050848                  396.2293                      20.740834
              2       5729.1606       3.0455013       3.4167415      0.96811761     0.022466137      0.12020918     0.056110954        1.041336       1.0004791       15.750547       22.071361       13.322331      0.67953385      0.82300776      0.73884115      0.98957197       1.0061423   2.1020567e-09       71.836682      0.80181676       0.2777249       0.7714751      0.37074148        13.40178       11447.249       5.5359763        5.5359763       11447.249                               11008.958                 23.544803                 396.27877                      18.467819
              1       5679.4603       3.0448012       3.4167415      0.97227158     0.022466137      0.12020918     0.056110954        1.041336       1.0009925         16.8406       21.058981       13.315235      0.73700854      0.93767922      0.79971398      0.98503728      0.99633341   2.1005856e-09       71.836682      0.80287371       0.2777249      0.77249206      0.37074148        13.40178       11346.819        6.050697         6.050697       11346.819                               10908.646                 22.555565                 396.22615                      19.391402
              1       5673.1418       3.0448696        3.415617      0.97229239     0.022463209       0.1202094     0.056182822       1.0413458       1.0009893       16.960552       20.900837        13.12834      0.85772594       1.0066249      0.90965038      0.98901843      0.99713716   2.1007292e-09       71.824326      0.80296489      0.27781521      0.77270538      0.36961699       13.402883       11335.269       5.5075028        5.5075028       11335.269                               10897.105                 22.546529                 396.24863                      19.368302
              3       5655.4701       3.0442883       3.3744726      0.97061169     0.022332193       0.1206007      0.05516436       1.0414968       1.0013262       17.113155       20.286692       12.734766      0.97375062      0.91931586      0.95301986      0.98969167       1.0001652   2.0995083e-09        71.14045      0.80554515      0.28369649      0.78335071       0.3284726       13.453549       11300.025       5.4574076        5.4574076       11300.025                               10864.431                 22.713403                 396.13403                      16.746994
              1       5623.8366        3.044042       3.3519644      0.96955572     0.022251862      0.12072324     0.055186759       1.0415096        1.001225       19.754673       21.987008       14.006362      0.97571685      0.91350579      0.80319332      0.99675962       1.0024755   2.0989914e-09       70.769301      0.80659307      0.28676425      0.78859926      0.30596437       13.483832       11237.696       4.9884366        4.9884366       11237.696                               10803.007                 22.825911                 396.18175                      15.681861
              1        5583.556       3.0451917       3.3137335        0.967023     0.022283543      0.12214939     0.056761305       1.0415484      0.99917204        21.07099        21.87853       15.560068      0.82989217      0.78497855      0.67237774      0.99936265       0.9989321   2.1014059e-09       69.853698      0.81215455      0.29731866      0.80851696      0.26773346       13.523863       11157.416       4.8478295        4.8478295       11157.416                               10725.331                 23.258162                  396.5899                      12.237471
              4        5553.825       3.0439914       3.3137335       0.9691073     0.022283543      0.12214939     0.056761305       1.0415484      0.99912712       21.454484       20.971408       15.595768      0.64489286      0.67554711      0.66618696       0.9967094       0.9951149   2.0988852e-09       69.853698      0.81233178      0.29731866       0.8086934      0.26773346       13.523863       11097.611       5.0196686        5.0196686       11097.611                               10665.515                 22.746448                 396.58497                      12.764202
              1       5542.1291       3.0421769       3.2620544      0.96647037     0.022394056      0.12216369       0.0564156       1.0414452      0.99860038       20.511123       19.576641       14.507535      0.39261779       0.5322982      0.48838196       0.9910569      0.99220138   2.0950801e-09       69.308197      0.81182877      0.30227709      0.81490395      0.21605437       13.567463       11072.966       5.6459573        5.6459573       11072.966                               10641.767                 23.169957                 396.49281                      11.536327
              1       5536.0528       3.0415864       3.2691359      0.96655797     0.022436269      0.12188744      0.05615329       1.0413535      0.99865522       20.562177       19.620744        14.49942      0.33791955      0.65106686      0.46519112      0.98951533      0.99552505   2.0938434e-09       69.492269      0.81022645      0.30019323      0.81048733      0.22313591       13.557728       11060.946       5.5796964        5.5796964       11060.946                               10629.395                 23.195857                 396.41083                      11.944834
              2       5534.8295       3.0412107       3.2191183      0.96631249     0.022438488      0.12182496     0.054899717       1.0417321        0.999756       20.820191        18.45886        13.82956      0.22960529      0.42682396      0.14658273      0.98544957      0.99331657   2.0930568e-09       69.064855      0.81162785      0.30379393      0.81674383      0.17311833       13.596215       11057.515       6.0719333        6.0719333       11057.515                               10627.082                 23.111515                 396.17539                      11.145915
              1       5529.5753       3.0425144       3.1988691      0.96733426     0.022445032      0.12142556     0.056680704       1.0419117      0.99951801       21.295829       18.210994       14.294103      0.15303656       0.4067596      0.21602598      0.98507987      0.98981856   2.0957873e-09        69.03677      0.81188988      0.30321689      0.81623121      0.15286905       13.608993        11046.28       6.4351993        6.4351993        11046.28                                10615.52                 22.858327                 396.52519                      11.376371
              5       5528.9523       3.0438267       3.1988691      0.96705236     0.022445032      0.12142556     0.056680704       1.0419117      0.99976665       20.787831       17.742065       13.469656      0.25523086      0.37054789      0.22235073      0.99002396      0.99222436   2.0985395e-09        69.03677      0.81233401      0.30321689      0.81667771      0.15286905       13.608993       11046.726       5.5895201        5.5895201       11046.726                               10616.188                 22.973421                  396.5445                      11.020092
              2       5523.6025       3.0460339       3.1988691      0.96463266     0.022445032      0.12142556     0.056680704       1.0419117      0.99989109       21.577364       18.567346       14.824304       0.3084437      0.58847093      0.50112167      0.99303126      0.99269546   2.1031764e-09        69.03677      0.81246886      0.30321689      0.81681329      0.15286905       13.608993       11036.613       5.2958008        5.2958008       11036.613                               10606.043                 23.645308                 396.60665                      10.318708
              1       5518.7347       3.0479636       3.1988691      0.96671983     0.022445032      0.12142556     0.056680704       1.0419117       1.0009621        22.37064       19.567153       15.277317      0.33826802      0.61089228      0.39020415      0.99347227      0.99477005    2.107239e-09        69.03677      0.81391109      0.30321689      0.81826323      0.15286905       13.608993       11027.051        5.209123         5.209123       11027.051                               10597.083                 23.170026                 396.56634                      10.231657
              2       5516.4194       3.0463088       3.2294906      0.96618522     0.022402288       0.1213106     0.054955907       1.0416402        1.000311       21.674001       18.777349       14.352946      0.28742046      0.47501579      0.34538141      0.99386286      0.99614262   2.1037546e-09       69.305008      0.81169074      0.30054595      0.81242898      0.18349058       13.589905       11022.727        5.055711         5.055711       11022.727                               10592.886                  23.52204                 396.21262                      10.106864
              2       5517.8825       3.0455102       3.2526046      0.96510225      0.02240258        0.121859     0.053964197       1.0414215      0.99984782       21.836238       19.331178       14.515011      0.17139205      0.55839816      0.29520441      0.99452719       1.0039852   2.1020754e-09       69.305245       0.8119654      0.30168624      0.81424415      0.20660459        13.57547       11025.733       5.0162758        5.0162758       11025.733                               10596.054                 23.851783                 396.01604                      9.8106409
              1       5513.0302       3.0451579       3.2269307      0.96380547     0.022363277      0.12209518     0.053907855       1.0414332      0.99977046       21.641582       19.224722       14.324131      0.32114828      0.50052424      0.31243328      0.99644336       1.0011329    2.101335e-09       68.895385      0.81314573      0.30570116      0.82083582      0.18093066       13.605772       11016.342       4.8591353        4.8591353       11016.342                               10586.853                 24.024104                 396.03472                      9.4305815
              3       5510.4992       3.0456147       3.2277433      0.96366838     0.022425662      0.12230995      0.05469055       1.0413993      0.99922357       22.197758       19.333353       14.727155      0.23932834      0.58985375      0.33397737      0.99535349      0.99852716   2.1022951e-09       68.870639      0.81368297      0.30650521      0.82245763      0.18174332       13.600645       11011.094       4.9522783        4.9522783       11011.094                               10581.463                 24.069025                 396.19403                      9.3674404
              3       5511.7912       3.0450878       3.2271707      0.96332391     0.022466282      0.12232138     0.054255083       1.0413537      0.99985737       22.004963       19.005098        14.61451      0.25047606      0.53338739      0.32989887       0.9953399       1.0039973   2.1011876e-09       68.878815      0.81320568      0.30654217      0.82202475      0.18117072       13.598572       11013.632       4.9753558        4.9753558       11013.632                                10583.93                 24.065293                  396.1458                      9.4902041
              1       5512.8413       3.0452576       3.2338481      0.96377516     0.022472128      0.12214145      0.05456684       1.0413344        1.000606       22.616577       19.383892       15.099266       0.2522747      0.54919389      0.29381826      0.99463706       1.0042559   2.1015443e-09       69.017547      0.81257994       0.3049456      0.81925038       0.1878481       13.591116       11015.585       5.0489988        5.0489988       11015.585                               10585.616                 23.860693                 396.16995                      9.9378357
              2       5518.3206       3.0451938       3.2475659      0.96393254     0.022475453      0.12218555      0.05437269       1.0412769       1.0005697       22.555948       20.090911       15.668162       0.2850428      0.53997747      0.30745064      0.99519344       1.0063639   2.1014104e-09       69.144211      0.81227199      0.30392856      0.81757312       0.2015659       13.578918       11026.383       5.1292296        5.1292296       11026.383                               10596.328                 23.875668                 396.13498                      10.044036
              6       5519.7311       3.0456294       3.2475659      0.96388786     0.022475453      0.12218555      0.05437269       1.0412769       1.0007167       21.982705       19.301555       15.260385      0.12049885      0.59751724      0.36122791      0.98845898      0.99999223   2.1023258e-09       69.144211       0.8124348      0.30392856      0.81773699       0.2015659       13.578918       11028.478       5.4923204        5.4923204       11028.478                               10598.467                 23.897513                 396.13246                      9.9805497
              1       5511.7743       3.0487261       3.2475659      0.96472729     0.022475453      0.12218555      0.05437269       1.0412769       1.0019744       22.538386       19.292218       15.245331      0.20891324      0.50489109      0.30082825      0.98888277       1.0024445   2.1088462e-09       69.144211      0.81395893      0.30392856      0.81927107       0.2015659       13.578918       11012.059       5.7449436        5.7449436       11012.059                                10582.51                 23.749655                 396.13713                      9.6618918
              3       5510.6147       3.0485085       3.2475659      0.96505926     0.022475453      0.12218555      0.05437269       1.0412769       1.0025199       23.246591       19.628657       15.687314      0.29062673      0.46032233      0.33071124      0.99263745       1.0046472   2.1083874e-09       69.144211      0.81397532      0.30392856      0.81928756       0.2015659       13.578918       11009.885       5.6722487        5.6722487       11009.885                               10580.275                 23.572124                 396.12738                      9.9102935
              9        5507.269       3.0482323       3.2332778      0.96394978     0.022390422      0.12253934     0.053928628        1.041288       1.0024535       23.674747       19.789633       15.704541      0.28206989      0.46401891      0.27701733      0.98989408       1.0023293   2.1078051e-09       68.786818      0.81547226        0.307663      0.82582152      0.18727783        13.60282       11002.929       5.8046117        5.8046117       11002.929                               10573.618                 23.744641                 396.05602                      9.5102861
              3       5511.0449       3.0487057       3.2272361      0.96433636     0.022329411      0.12254621     0.053926887       1.0414195       1.0027943       24.390802       19.469699       15.727547      0.12147776      0.40686757      0.11684915      0.98655946      0.99432693   2.1088033e-09       68.707797      0.81636322       0.3082564      0.82752068      0.18123612       13.611102       11009.142       6.4740538        6.4740538       11009.142                               10579.945                 23.614411                 396.06246                      9.5200493
              3       5504.6261       3.0481144        3.240216      0.96405509     0.022310353      0.12259171     0.053237765       1.0413122       1.0028183       24.556698       19.381306       15.790966      0.47743048      0.36154786      0.32310798      0.98929791      0.99694362   2.1075567e-09       68.789367      0.81577652      0.30758166      0.82602043        0.194216        13.60332       10997.172       6.0400535        6.0400535       10997.172                               10567.924                 23.724321                 395.99955                      9.5245328
              5       5504.4231       3.0478875       3.2373681      0.96397274     0.022313847       0.1225034     0.053102946       1.0413053       1.0033061       24.629203       19.261811       15.800245      0.45163751      0.48171844      0.37778087      0.98690392      0.99534045   2.1070786e-09       68.787959      0.81543208        0.307415      0.82544795      0.19136806       13.605667       10995.595       6.6257503        6.6257503       10995.595                               10566.293                 23.672645                 395.98275                      9.6463794
              4       5504.5342       3.0496018       3.3258961      0.96696367     0.022478581      0.12289784       0.0533318       1.0412349       1.0030879       25.477834       20.185896       16.510919      0.49022502      0.58754895       0.4552992       0.9897867      0.99565513   2.1106939e-09       69.788296      0.81498012      0.29981336      0.81472657      0.27989605       13.504994        10996.74       6.1640103        6.1640103        10996.74                               10566.917                  23.35567                 395.93809                      10.529305
              3       5503.4712       3.0496352       3.3274904      0.96705072     0.022474119      0.12287412     0.053348879       1.0412342       1.0031099       25.835914       20.180732        16.89197      0.46071411      0.66277028      0.50183511      0.99505857      0.99886307   2.1107644e-09        69.81103      0.81491246      0.29956029      0.81431503      0.28149041       13.503782       10995.567        5.687541         5.687541       10995.567                               10565.704                 23.340412                 395.94967                      10.573331
              1       5504.0879       3.0493513       3.3271877      0.96676403     0.022471659      0.12288004     0.053182767       1.0411919       1.0030595       26.231521       20.639016       17.466422      0.57363049      0.62977787      0.63144206      0.99772642       1.0023521   2.1101652e-09       69.788843      0.81470624      0.29975791      0.81437745      0.28118767       13.505585       10997.001       5.5876184        5.5876184       10997.001                                10567.15                 23.402756                 395.92585                       10.52163
              1       5505.7709       3.0497542       3.2613576       0.9654479     0.022243466      0.12293373     0.053669252       1.0414776        1.003429       26.299522       20.216909       17.143619      0.59992863      0.59732359      0.59862362      0.99825685       1.0030843   2.1110154e-09       68.913643      0.81780873      0.30705262      0.82736571      0.21535757       13.585345       10999.965       5.7886714        5.7886714       10999.965                               10570.748                  23.38459                 396.03321                      9.7988023
              2       5508.2657       3.0545196       3.2613576      0.96085696     0.022243466      0.12293373     0.053669252       1.0414776       1.0043633       26.815931        20.72619        17.22481      0.57679422      0.63240314      0.50271879      0.99760749       1.0039436   2.1210994e-09       68.913643      0.81830279      0.30705262      0.82786555      0.21535757       13.585345       11003.702       6.4146803        6.4146803       11003.702                                10573.76                 24.712071                 396.14685                      9.0835166
              1       5508.4712       3.0544914        3.226464      0.96043733      0.02230587      0.12264504     0.054554279       1.0415519       1.0042076       26.357008       20.128526       16.799733      0.59548785      0.76072413       0.6310782      0.99810936      0.99990017   2.1210394e-09       68.689498       0.8180649      0.30858023      0.82968106        0.180464       13.610717       11004.503        6.219507         6.219507       11004.503                               10574.529                 24.703828                 396.25465                       9.015739
              1       5507.9319       3.0541061       3.2093653      0.95922502     0.022305599      0.12304685     0.054161162       1.0415572       1.0039166        25.88132       19.857174       16.514408       0.6024101      0.74101351      0.65994541      0.99649541      0.99739006   2.1202225e-09       68.353935      0.81935652      0.31247684      0.83622126      0.16336528       13.629397       11003.648       6.1079161        6.1079161       11003.648                               10573.524                 24.963078                 396.23018                      8.9309343
              3       5507.3815       3.0563431       3.2093653      0.96313234     0.022305599      0.12304685     0.054161162       1.0415572       1.0052198       25.423975       18.643236       15.668831      0.40517988      0.39380225      0.30856448      0.99490164       1.0003649   2.1249708e-09       68.353935      0.82150595      0.31247684      0.83841492      0.16336528       13.629397       11000.572       7.0955594        7.0955594       11000.572                               10571.364                 23.958852                 396.16152                      9.0871605
              3       5507.2576       3.0564471       3.2052273      0.96285945     0.022310231      0.12317711     0.054359576       1.0415551        1.005284       24.782608       18.270282       15.351996      0.42243384      0.49731497      0.37413011      0.99064463      0.99675323   2.1251917e-09       68.264279      0.82198759      0.31358763      0.84039623      0.15922725        13.63368       10999.497       7.5092527        7.5092527       10999.497                               10570.222                 23.964837                 396.19028                      9.1190725
              1       5506.7705       3.0565439       3.2124599       0.9630633     0.022315182      0.12322986     0.054264945       1.0415528       1.0047408       24.636108       18.179319       15.228512      0.41982747      0.50663174      0.39893099      0.99115965       0.9973525   2.1253974e-09       68.332763      0.82202741      0.31308296      0.83976039      0.16645994        13.62619       10999.523        7.009081         7.009081       10999.523                               10570.184                 24.036545                 396.18838                      9.1139886
              2       5508.9287       3.0563983        3.217874      0.96361066     0.022447519      0.12309243     0.054101339       1.0415683       1.0044059       25.017973       18.636028       15.222858      0.47817927       0.3529854      0.27730829      0.99400693      0.99418495    2.125088e-09       68.559745      0.82100294      0.31100251      0.83592253      0.17187402       13.606571       11004.484       6.6868555        6.6868555       11004.484                               10575.274                 24.051091                 396.14582                      9.0123655
              1       5506.6278       3.0565246        3.217874      0.96377367     0.022447519      0.12309243     0.054101339       1.0415683       1.0043859       24.517564        17.86837       14.673719      0.55967109      0.60592967      0.48010244       0.9927426       0.9958774   2.1253564e-09       68.559745      0.82110643      0.31100251      0.83602791      0.17187402       13.606571       10999.911       6.6724731        6.6724731       10999.911                                10570.72                 24.025876                 396.14582                      9.0188916
              1       5504.5449       3.0587458       3.2892455      0.96537557     0.022531507      0.12364711      0.05639966       1.0413221       1.0029421       24.136498       18.608301       15.330062      0.68319697      0.82720694      0.76966338      0.99798533       0.9974252   2.1300825e-09       69.177721      0.82164364      0.30680542      0.83091077      0.24324555       13.536556       10998.027       5.5311592        5.5311592       10998.027                               10568.498                 23.887089                  396.5951                      9.0470649
              2       5506.5381       3.0567724       3.2892455      0.96743695     0.022531507      0.12364711      0.05639966       1.0413221       1.0021763       23.688085       17.653357        14.02635      0.54872822       0.7814332      0.66573925      0.99482413      0.99300271   2.1258831e-09       69.177721      0.82149349      0.30680542      0.83075893      0.24324555       13.536556        11001.99       5.5429008        5.5429008        11001.99                               10572.854                 23.387171                 396.55365                      9.1954334
              2       5501.9859       3.0556071       3.3277651      0.96802244      0.02263641      0.12295521     0.056248758       1.0409801       1.0021697       24.548813       17.780945       14.701636      0.47004358      0.65244311      0.49723099      0.99796407       1.0011327   2.1234072e-09       69.837023      0.81701984      0.29983638      0.81679701      0.28176513       13.495288       10993.594       5.1890167        5.1890167       10993.594                               10564.181                 23.402916                 396.42938                      9.5805873
              4       5501.3188       3.0556228       3.3277651      0.96845487      0.02263641      0.12295521     0.056248758       1.0409801       1.0009645       24.188868       17.348372       14.265067      0.55730278      0.66364814      0.55692653       1.0002301      0.99937766   2.1234407e-09       69.837023       0.8171652      0.29983638      0.81694233      0.28176513       13.495288       10992.914       4.8618707        4.8618707       10992.914                               10563.731                 23.492161                 396.43795                      9.2522338
              1       5500.7432       3.0556189       3.3279043      0.96858911      0.02264602      0.12283078     0.056418187       1.0409685       1.0009593       24.011133       17.352286        14.29011      0.60957692      0.68230093      0.63510488       1.0004586      0.99785448   2.1234324e-09       69.886703      0.81673681      0.29917514      0.81561322      0.28190425       13.494016       10991.721       4.8829438        4.8829438       10991.721                               10562.485                 23.468273                 396.45599                      9.3111029
              1       5501.5911       3.0559074       3.3101416      0.96897888     0.022608763      0.12262333     0.056472536       1.0411377       1.0014373       23.786202       17.261989       13.798459      0.61696282      0.57732322      0.47520973      0.99883464      0.99922531   2.1240451e-09       69.780495        0.817129      0.29958399      0.81656224      0.26414165       13.509401       10993.262       4.9603229        4.9603229       10993.262                               10564.149                 23.314228                 396.46957                      9.3284188
              1         5498.37       3.0517711       3.3101416      0.97167383     0.022608763      0.12262333     0.056472536       1.0411377       1.0004757       23.211785       17.034349       13.686946      0.56736869      0.62012925      0.53154451      0.99701943      0.99786138   2.1152774e-09       69.780495      0.81630498      0.29958399       0.8157388      0.26414165       13.509401       10986.999       4.8706464        4.8706464       10986.999                               10557.983                 22.606785                 396.41847                      9.9901357
              2       5498.9077       3.0494237       3.3101416       0.9721233     0.022608763      0.12262333     0.056472536       1.0411377      0.99949051       22.438995       16.793454       13.292101      0.52220294      0.67150683      0.53901248      0.99642959      0.99494029   2.1103179e-09       69.780495      0.81549163      0.29958399      0.81492601      0.26414165       13.509401        10987.82       4.9977631        4.9977631        10987.82                               10558.663                 22.496156                 396.40779                      10.252606
              1       5499.8639       3.0491073       3.3308986      0.97264111     0.022700026        0.122708     0.055563435       1.0411192       0.9997043       22.218849       16.850132       13.461181      0.56931155      0.66297342      0.58952045      0.99705559       0.9945224   2.1096503e-09       70.062715      0.81479543      0.29753375      0.81143937       0.2848986       13.480815       10989.756        4.985618         4.985618       10989.756                               10560.655                 22.498448                 396.19082                      10.412629
              1       5499.9547        3.049121       3.3283525      0.97263684     0.022705086       0.1226852     0.055626177       1.0411292      0.99970526       22.540099       16.942003        13.63017      0.57899417      0.60665762      0.56249639      0.99828194      0.99574002   2.1096793e-09       70.049038      0.81478785      0.29761379      0.81154095      0.28235252       13.482435       10990.114          4.8977           4.8977       10990.114                               10561.026                 22.492906                 396.18774                      10.407384
              1       5502.3979        3.049597       3.3329569      0.97397024        0.022667      0.12225879     0.055683929       1.0412591       1.0001826       22.477044       16.944679       13.270494      0.58172381      0.59060376      0.49227868       1.0008934       0.9988013   2.1106836e-09       70.265476      0.81410139      0.29484233      0.80707294      0.28695691       13.476025       10995.198       4.7990976        4.7990976       10995.198                               10565.862                 22.275577                 396.20007                      10.859787
              6       5506.9777       3.0496382       3.3327642      0.97398754       0.0226666      0.12226663     0.055713491       1.0412642       1.0001953       21.103116       16.504999       12.710246      0.51089061      0.49454813      0.46918768      0.99808423      0.99642925   2.1107705e-09       70.261866      0.81416225      0.29488772      0.80719539      0.28676419       13.476139       11004.215       4.8704078        4.8704078       11004.215                               10574.857                 22.269339                 396.22522                      10.862745
              2       5504.9665       3.0496569       3.3152667      0.97368171     0.022587692      0.12216939     0.055840316       1.0413284       1.0003983       21.323627       16.018065        12.75762      0.45076313      0.52275879      0.38827107      0.99581379      0.99816011   2.1108102e-09       70.047864      0.81465804      0.29633329       0.8096642       0.2692667       13.498889       11000.128       4.9024934        4.9024934       11000.128                               10570.901                 22.247445                 396.26699                      10.712466
              3       5504.9472       3.0494085       3.3152667       0.9749363     0.022587692      0.12216939     0.055840316       1.0413284       1.0006926       21.368938       16.016424        12.74471      0.44361642      0.50327359      0.35678408      0.99530409      0.99803746   2.1102858e-09       70.047864      0.81496046      0.29633329      0.80996477       0.2692667       13.498889       10999.988       4.9531429        4.9531429       10999.988                               10570.861                 21.978127                 396.19964                      10.949378
              1       5503.3997       3.0498614       3.3229819      0.97490154     0.022723074      0.12230311     0.057092281       1.0412092      0.99980682       21.230634       16.152485       13.092799      0.46112816      0.68049977      0.60269464       0.9939677      0.99358415   2.1112419e-09        70.16479      0.81468176      0.29589308      0.80908615      0.27698187       13.481989       10996.447       5.1759985        5.1759985       10996.447                               10566.958                 22.026183                 396.42227                      11.040933
              1       5502.2048       3.0495971       3.3332394      0.97482746     0.022743057      0.12238122     0.056740575       1.0411459      0.99896761       21.157652        16.23428       13.021676      0.47042051      0.67794132      0.57557204      0.99543686      0.99597583   2.1106839e-09       70.251518        0.814365      0.29536169      0.80804501       0.2872394       13.472094       10994.298       5.0556014        5.0556014       10994.298                               10565.077                 22.170246                 396.36431                      10.687247
              3       5502.5608       3.0487338       3.3332394      0.97883613     0.022743057      0.12238122     0.056740575       1.0411459       0.9993962        21.20638       15.656614       12.492552      0.46490559      0.63825768      0.47196422      0.99405055      0.99402139   2.1088626e-09       70.251518      0.81530857      0.29536169      0.80898126       0.2872394       13.472094       10994.781       5.1701184        5.1701184       10994.781                               10565.827                 21.429171                 396.29607                      11.229319
              1       5501.5678       3.0482091       3.3342094       0.9785824     0.022660677      0.12227069     0.056097138       1.0411121      0.99951694       21.102174       15.566347       12.443114      0.49253259      0.59881555      0.46463572      0.99582183       0.9972908   2.1077563e-09       70.219779      0.81493239      0.29523753      0.80843802       0.2882094       13.479758        10993.28       4.9279059        4.9279059        10993.28                               10564.429                 21.473167                 396.22218                      11.155436
              7       5502.0213       3.0474644       3.3741067      0.97805613     0.022731064      0.12257156     0.055652314       1.0407799      0.99879355       21.373449       15.860276       11.767665      0.69088668      0.90830928      0.78437123        0.997306      0.99771856   2.1061871e-09        70.52146      0.81368412      0.29346347      0.80477084      0.32810666       13.444648       10994.115       4.9640096        4.9640096       10994.115                               10565.014                 21.663634                 396.12917                      11.307936
              2       5503.7146       3.0470352       3.3452282      0.97749413     0.022672118       0.1222163     0.055816275       1.0408229       1.0004427       22.135183       16.954486       12.854364      0.75084168      0.76456206       0.6402075       1.0007416       1.0015534   2.1052834e-09       70.277175      0.81328151      0.29466852      0.80602245      0.29922816       13.475987       10997.798       4.8157456        4.8157456       10997.798                               10568.105                 21.511269                 396.18081                      12.000178
              1       5503.0897       3.0469975       3.3461801      0.97752081     0.022668894       0.1222065     0.055734289       1.0408229       1.0004847       22.468731       16.676399       13.206367      0.75906587       1.0761619       1.0245793      0.99703326       1.0013582    2.105204e-09       70.288949      0.81322653      0.29454345       0.8057969      0.30018013       13.475324       10996.465       4.8572837        4.8572837       10996.465                               10566.802                 21.509655                 396.13265                      12.020935
              1       5500.4691       3.0514874       3.3461801      0.97142322     0.022668894       0.1222065     0.055734289       1.0408229       1.0009648       21.966363       16.504708       12.891485      0.77962481       1.0939872       1.0717015      0.99687314      0.99997533   2.1146775e-09       70.288949      0.81308808      0.29454345      0.80565972      0.30018013       13.475324       10991.121       4.9086179        4.9086179       10991.121                               10561.518                 22.784581                 396.25886                      10.559275
              3       5503.9116       3.0520104       3.3461801      0.97167161     0.022668894       0.1222065     0.055734289       1.0408229       1.0011968       21.350227       15.551416        12.62939      0.92556379        1.158869       1.2689443       0.9937909      0.99168804   2.1157838e-09       70.288949      0.81338064      0.29454345      0.80594961      0.30018013       13.475324       10996.947       5.4380584        5.4380584       10996.947                               10567.492                 22.739552                 396.21907                      10.496973
              2       5504.4274       3.0520467       3.3419459      0.97142967     0.022661205      0.12229425     0.055819531       1.0408258       1.0010995       21.152833       15.416719        12.61366      0.93968306       1.1881062        1.319131      0.99356323      0.99193165   2.1158606e-09       70.203072      0.81377705      0.29542694      0.80755082      0.29594595       13.480549       10998.026       5.4146228        5.4146228       10998.026                               10568.634                 22.769773                  396.2645                      10.357127
              3        5508.866       3.0519177       3.3215178      0.97082264     0.022609125      0.12258463      0.05506664       1.0409726       1.0014346       21.667757        16.18276       12.406811       1.0254058      0.96795529       1.0561022      0.99864627      0.98773893   2.1155876e-09       69.869535      0.81547039      0.29874238      0.81375935      0.27551781       13.502788       11006.311       5.7107433        5.7107433       11006.311                               10577.439                 22.820229                 396.19357                       9.857397
              1       5511.4322       3.0526282       3.3215178      0.97068035     0.022609125      0.12258463      0.05506664       1.0409726       1.0020852        21.89699       16.636448        12.95467      0.97747435      0.99736893      0.92737994       1.0016033      0.99039546   2.1170914e-09       69.869535      0.81571449      0.29874238      0.81400293      0.27551781       13.502788        11011.65       5.6071781        5.6071781        11011.65                               10582.741                 22.807697                 396.19357                      9.9078606
              4       5503.6934       3.0515372       3.2713475      0.96913699     0.022609988      0.12232749      0.05489519       1.0410184       1.0009701       20.579164       15.293012       11.654425      0.95770369      0.88679132      0.94882264      0.99823487      0.99089338   2.1147829e-09       69.395628      0.81546772       0.3023044      0.81859367      0.22534754       13.550032       10996.805       5.2907709        5.2907709       10996.805                               10568.297                 23.146365                 396.15402                      9.2074347
              1       5505.0814       3.0535986       3.2713475       0.9713887     0.022609988      0.12232749      0.05489519       1.0410184       1.0021182       20.564482       15.212924       11.582674      0.97407754        0.849179      0.84576797       1.0019737      0.99610623   2.1191467e-09       69.395628      0.81702729       0.3023044      0.82015922      0.22534754       13.550032       10999.684       5.2394762        5.2394762       10999.684                                 10571.7                 22.674848                 396.10551                      9.2038505
              7       5499.0515       3.0539105       3.2629797      0.97082774      0.02256864      0.12237906     0.055923198       1.0409485       1.0019594       20.844129       15.185271        11.64593      0.93272146      0.85285698      0.95344775       1.0026831       1.0006541   2.1198078e-09       69.221636      0.81750441      0.30384737      0.82272979      0.21697973       13.564743       10987.842       5.1305206        5.1305206       10987.842                               10559.586                 22.677161                 396.34343                      9.2357403
              2       5498.0422       3.0549136       3.2629797      0.97127204      0.02256864      0.12237906     0.055923198       1.0409485       1.0028891       21.604448       15.337722       12.107042      0.94349111      0.87032456      0.91238611       0.9985632      0.99822401   2.1219351e-09       69.221636       0.8180563      0.30384737      0.82328519      0.21697973       13.564743       10985.126       5.4791061        5.4791061       10985.126                               10557.004                 22.533613                 396.29421                      9.2943111
              6       5500.0756       3.0542967       3.2912921      0.97112436       0.0225531      0.12286307     0.054090543       1.0408935       1.0031846       21.170107       15.842328       11.693965      0.79882066      0.76017991       0.7308093      0.99677808       0.9989507   2.1206266e-09       69.347162      0.81851486      0.30372251      0.82357743      0.24529211       13.541744       10988.843       5.6539722        5.6539722       10988.843                               10560.928                 22.660568                 396.02175                      9.2331886
              3       5499.0997       3.0480783       3.2912921      0.97335781       0.0225531      0.12286307     0.054090543       1.0408935        1.000781       19.636941       13.983439       10.445028      0.74414502       1.2879411       1.0190497      0.99606182      0.99280573   2.1074805e-09       69.347162      0.81668734      0.30372251       0.8217386      0.24529211       13.541744       10987.859       5.1703848        5.1703848       10987.859                               10559.942                 22.156656                 395.99854                      9.7613707
              3        5497.245       3.0481916       3.2804578      0.97310747     0.022459126      0.12258292     0.054918538       1.0408495       1.0006358       19.219456       14.258426       11.044878       0.9280978       1.3562905       1.5338299      0.99857707      0.99798747   2.1077194e-09        69.22553      0.81641386      0.30401006      0.82185219      0.23445778       13.561937       10984.794       4.8479641        4.8479641       10984.794                               10556.733                 22.133136                 396.09979                      9.8281787
              3       5496.3612       3.0483839       3.2804578      0.97379708     0.022459126      0.12258292     0.054918538       1.0408495       1.0000266       19.026966       14.014124       10.533586      0.86217951       1.3606437        1.293274      0.99671603      0.99403884   2.1081248e-09        69.22553      0.81671243      0.30401006      0.82215275      0.23445778       13.561937       10982.689       5.0169104        5.0169104       10982.689                               10554.842                 22.099417                 396.11031                      9.6370379
              2       5496.8006       3.0480395       3.2681667      0.97337133     0.022279303      0.12233872     0.054646907       1.0408573      0.99988282       19.077683        13.73211       10.087082      0.79893301       1.2193829       1.1228147      0.99555343      0.99840159   2.1073988e-09       69.019997      0.81674172      0.30493326      0.82342967       0.2221667       13.590764       10983.805       4.8979873        4.8979873       10983.805                                10556.03                 22.157451                 396.10307                      9.5151525
              6       5497.9938       3.0481681       3.2681667      0.97246829     0.022279303      0.12233872     0.054646907       1.0408573       0.9997628       19.271911       13.544067       10.153548       0.8312194       1.3637489       1.2289463      0.99388547      0.99648319   2.1076699e-09       69.019997      0.81650706      0.30493326      0.82319309       0.2221667       13.590764        10985.91       5.0385322        5.0385322        10985.91                               10557.993                 22.342728                 396.13343                      9.4412143
              2       5497.5601       3.0483786       3.2524771      0.97135751     0.022240128      0.12245748     0.055982972       1.0407396       1.0005002       19.980999       14.229404       10.759103      0.93750385       1.4456047       1.3514918       1.0002226      0.99702457   2.1081135e-09       68.724187      0.81714627      0.30773248      0.82761022      0.20647708       13.614333       10985.421       4.8497879        4.8497879       10985.421                               10557.066                 22.266161                 396.41382                       9.674645
              2       5496.2029       3.0473093       3.2184056      0.96992006     0.022187783      0.12238573     0.055322275       1.0407539       1.0006744       20.027364        14.79242       11.250487      0.98435136       1.3073503       1.3728073      0.99691474      0.99423405   2.1058605e-09        68.31733      0.81724936      0.31114285      0.83228846      0.17240559       13.653089       10982.335       5.0354663        5.0354663       10982.335                               10554.151                 22.429854                 396.30841                      9.4461049
              2       5494.8273       3.0491183       3.2184056      0.96673965     0.022187783      0.12238573     0.055322275       1.0407539        1.000735       20.516877       14.813803       11.585448       1.0116009       1.3566066        1.402504      0.99867259      0.99795531   2.1096736e-09        68.31733      0.81698834      0.31114285      0.83202264      0.17240559       13.653089       10979.938        4.858182         4.858182       10979.938                               10551.238                 23.181848                 396.37059                       9.147992
              1       5495.3181       3.0492962       3.2285289      0.96705571     0.022192855      0.12238015     0.055442955       1.0407285       1.0006865       21.102285       15.102108       12.326098       1.0425842       1.0898179       1.3091111      0.99826374      0.99894513   2.1100489e-09       68.431636       0.8167995      0.31010318       0.8304394      0.18252887       13.643107       10980.949       4.8435889        4.8435889       10980.949                               10552.214                 23.147061                 396.40936                      9.1781395
